0.4009433962264151  12 2 0 0 0 0 0 2 0 0 0 0 0 0 0 0 0 0 0 0 0 0 0 0 0 0 0 0 0 2 0 0 0 0 0 0 0 0 0 0 0 0 0 0 0 0 4 0 0 0 0 1 2 0 0 0 0 0 0 1 0 0 0 0 0 3 0 0 0 0 0 0 0 0 0 0 0 0 0 0 0 0 0 0 0 0 0 0 0 0 0 0 0 0 0 0 0 1 0 0 0 0 0 0 0 0 0 0 1 0 0 1 0 0 0 6 0 0 0 0 0 0 0 1 0 0 0 1 0 0 0 0 0
0.5173240938166311  0 5 0 0 2 0 0 10 1 0 0 0 0 1 0 0 5 0 0 0 4 0 0 0 0 0 0 3 1 9 0 1 0 0 0 0 0 2 4 1 0 0 0 0 0 0 8 0 0 0 0 9 0 0 0 2 6 1 0 10 3 0 0 3 2 1 2 0 0 0 7 6 0 10 0 0 0 0 0 0 0 0 0 3 1 3 0 0 3 2 0 0 0 0 0 6 1 7 0 0 1 1 0 0 0 0 0 2 19 0 0 2 16 0 0 128 3 1 0 3 1 0 0 7 0 2 0 3 0 0 0 1 0
0.47365233192004846  0 0 0 0 0 0 0 0 0 0 0 0 0 0 0 0 0 0 0 0 0 0 0 0 0 0 0 0 0 0 0 0 0 0 0 0 0 0 0 0 0 0 0 0 0 0 0 0 0 0 0 0 0 0 0 0 0 0 0 0 0 0 0 0 0 0 0 0 0 0 0 0 0 0 0 0 0 0 0 0 0 0 0 0 0 0 0 0 0 0 0 0 0 0 0 0 0 0 0 0 0 0 0 0 0 0 0 0 0 0 0 0 0 0 0 22 0 0 0 0 0 0 0 0 0 0 0 0 0 0 0 0 0
0.5116074052306788  1 3 0 0 0 0 0 0 0 0 0 0 0 0 0 0 1 0 0 0 1 0 0 0 0 0 0 0 0 0 0 1 0 0 0 0 0 0 0 1 0 0 0 0 1 0 2 0 0 0 0 3 0 0 0 0 2 1 0 0 0 0 0 0 0 1 1 0 0 0 4 26 0 1 0 0 0 0 0 3 0 0 0 0 0 0 0 0 0 0 0 0 0 0 0 0 0 0 0 0 2 0 0 0 0 0 0 0 0 0 0 7 6 0 0 23 0 0 0 0 0 0 0 0 0 0 0 0 0 0 0 0 1
0.5059186824498199  0 0 0 0 0 0 0 3 0 0 0 0 0 0 0 0 0 0 0 0 0 0 0 0 0 0 0 0 0 6 0 0 0 0 0 0 0 4 0 0 0 0 0 0 2 0 0 0 0 0 0 0 0 0 0 0 4 0 0 1 0 0 0 0 0 0 0 0 0 0 0 0 0 0 0 0 0 0 0 0 0 4 0 0 0 0 0 0 0 0 0 1 0 0 0 1 0 5 0 0 0 0 0 0 0 0 0 0 0 0 0 2 0 2 0 22 0 0 0 0 0 0 0 0 0 0 0 0 0 0 0 0 0
0.5461943513642892  0 7 0 1 0 0 2 0 0 0 0 0 0 0 0 0 0 0 1 0 4 0 0 0 1 0 0 1 1 7 0 0 0 0 0 0 0 1 0 0 0 0 0 0 1 0 6 1 0 1 0 10 0 0 0 0 1 2 0 6 0 0 0 0 2 0 1 0 0 0 27 11 0 16 0 0 0 0 1 5 0 0 0 0 1 0 0 0 0 4 0 1 0 2 0 3 0 10 0 0 3 0 1 0 0 0 0 0 0 0 0 2 7 0 0 38 0 0 0 1 3 0 0 5 3 1 0 0 0 1 0 7 0
0.49795918367346936  3 0 0 0 0 0 0 0 0 0 0 0 0 0 0 0 1 0 0 0 0 0 0 0 0 0 0 0 0 2 0 0 0 0 0 0 0 0 0 0 0 0 0 0 0 0 6 0 0 0 0 3 0 0 0 0 7 0 0 8 0 0 0 0 0 0 0 0 0 0 1 0 0 0 0 0 0 0 0 1 0 0 0 0 0 0 0 0 0 0 0 0 0 0 0 0 0 2 0 0 0 0 0 0 0 0 0 0 0 0 0 0 1 0 0 13 0 0 0 5 0 0 0 4 0 0 0 0 0 0 0 3 1
0.5027262813522355  1 0 0 0 0 0 0 1 0 0 0 0 0 0 0 0 0 0 0 0 1 0 0 0 0 0 0 0 0 0 0 0 0 0 0 0 0 0 0 0 0 0 0 0 3 0 2 0 0 0 0 7 0 0 0 0 0 0 0 5 0 0 0 0 0 0 0 0 0 0 4 0 0 0 0 0 0 0 0 0 0 0 0 0 0 0 0 0 0 0 0 0 0 0 0 0 0 2 0 0 1 0 0 0 0 0 0 0 0 0 0 39 0 0 0 55 0 1 0 0 0 0 0 0 0 0 0 0 0 0 0 0 0
0.5472972972972973  0 0 0 0 0 0 1 0 0 0 0 0 0 0 0 0 0 0 0 0 0 1 0 0 0 0 0 0 0 5 0 1 0 0 0 0 0 0 0 0 0 0 0 0 0 0 1 0 0 0 1 3 1 0 0 1 2 0 0 0 1 0 0 0 0 0 0 0 2 0 2 0 0 1 0 0 0 0 0 0 0 0 1 0 0 0 0 0 0 1 0 0 0 0 0 0 0 1 1 0 0 0 0 0 0 0 0 0 0 0 0 3 4 0 0 23 0 0 0 0 0 0 0 0 0 0 0 0 0 0 0 1 0
0.5164609053497943  1 2 0 0 2 0 0 6 0 0 0 0 0 0 0 0 0 0 0 0 6 0 0 0 0 0 0 0 0 10 0 0 0 0 0 0 0 2 0 0 0 0 0 0 1 0 3 0 0 0 0 5 1 0 0 0 2 1 0 3 0 0 0 1 1 2 1 0 0 0 4 0 0 3 0 0 0 0 0 3 0 0 2 0 0 0 0 0 0 0 0 0 0 0 0 1 0 11 0 0 0 0 1 0 1 0 0 0 0 0 0 49 2 0 0 79 1 0 0 0 0 0 0 0 0 0 0 0 0 0 0 0 0
0.5396270396270396  0 1 0 0 0 0 0 1 0 0 0 0 0 0 0 0 0 0 0 0 2 0 0 0 0 0 0 2 0 2 0 0 0 0 0 0 0 0 0 0 0 0 0 0 0 0 0 0 0 0 0 2 0 1 0 1 2 0 0 7 0 0 0 0 1 0 0 0 0 0 2 0 0 0 0 1 0 0 0 0 0 0 0 0 0 0 0 0 0 4 0 0 0 0 0 0 0 2 0 0 0 0 0 0 0 0 0 0 1 0 0 10 1 0 0 44 0 0 0 0 4 0 1 7 0 0 0 2 0 0 0 1 0
0.5067967933077727  0 0 0 0 1 0 0 1 1 0 0 0 0 0 0 0 1 0 0 0 0 0 0 0 0 0 0 0 0 3 0 0 0 0 0 0 1 0 0 0 0 0 0 0 1 0 10 0 1 0 0 1 0 0 0 0 3 0 0 2 0 0 1 0 2 0 1 0 0 0 1 0 0 5 0 0 0 0 0 1 0 0 0 3 0 2 0 0 0 1 0 0 0 0 0 0 0 2 0 0 2 0 0 0 0 0 0 0 4 0 1 2 1 0 0 338 0 1 0 0 0 0 1 4 0 1 0 0 0 0 0 0 0
0.5797101449275363  2 0 0 0 0 0 0 8 0 0 0 0 0 0 0 0 0 0 0 0 1 0 0 0 0 0 0 0 0 1 0 0 0 0 0 0 0 0 0 0 0 0 0 0 11 0 1 0 0 0 0 3 0 0 0 0 0 0 0 0 0 0 0 0 0 0 0 0 0 0 0 2 0 0 0 0 0 0 0 0 0 0 0 0 0 0 0 0 0 0 0 0 0 0 0 1 0 13 0 0 0 0 0 0 0 0 0 0 0 0 0 3 6 0 0 15 0 0 1 0 0 0 0 2 2 0 0 0 0 0 0 0 0
0.4988662131519274  0 1 0 0 0 0 0 0 0 0 0 0 0 0 0 0 0 0 0 0 1 0 0 0 0 0 0 1 0 0 0 0 0 0 0 0 0 0 0 0 0 0 0 0 1 0 2 0 0 0 0 1 0 0 0 0 0 0 0 3 0 0 0 0 0 0 0 0 0 0 0 7 0 0 0 0 0 0 0 1 0 0 0 0 0 1 0 0 0 0 0 0 0 0 0 1 0 4 0 0 0 0 0 0 0 0 0 0 1 0 0 4 0 0 0 62 0 0 0 0 0 0 0 0 0 0 0 0 0 0 0 1 0
0.5350877192982456  1 0 0 3 1 0 0 20 0 0 0 0 0 0 0 0 0 0 0 0 4 0 0 0 0 0 0 0 0 2 0 0 0 1 0 0 0 1 1 0 0 13 0 0 5 0 8 0 0 0 0 10 0 0 0 4 19 1 0 7 0 6 0 0 1 0 3 0 0 0 6 4 0 2 0 0 0 0 0 5 0 5 1 0 1 5 0 0 0 0 0 0 0 0 0 3 0 20 1 0 0 0 1 0 0 0 0 0 1 0 0 7 87 0 0 97 0 0 17 1 2 0 0 2 0 0 0 1 0 0 0 1 0
0.4792243767313019  0 0 0 0 0 0 0 0 0 0 0 0 0 0 0 0 0 0 0 0 1 3 0 0 0 0 0 0 0 1 0 0 0 0 0 0 0 0 0 0 0 0 0 0 0 0 2 0 0 0 0 1 0 0 0 0 0 0 0 0 0 1 0 0 0 0 0 0 0 0 1 2 0 0 0 0 0 0 0 0 0 0 0 0 0 0 0 0 0 0 0 0 0 0 0 0 1 1 0 0 0 0 1 0 0 0 0 0 0 0 0 3 1 0 0 24 0 0 0 0 1 0 0 0 0 0 0 1 0 0 0 1 0
0.4911937377690802  0 0 0 0 0 0 0 0 0 0 0 0 0 0 0 0 0 0 0 0 0 0 0 0 0 0 0 0 0 0 0 0 0 0 0 0 0 0 1 0 0 0 0 0 1 0 7 0 0 0 0 0 0 0 0 0 0 0 0 8 0 0 0 0 0 0 0 0 0 0 0 0 0 0 0 0 0 0 0 0 0 0 0 0 0 0 0 0 0 0 0 0 0 0 0 0 0 4 0 0 0 0 0 0 0 0 0 0 0 0 0 0 1 0 0 21 0 0 1 0 0 0 0 0 0 0 0 0 0 0 0 0 0
0.5301645338208409  3 0 0 0 0 0 0 0 0 0 0 0 0 0 0 0 0 0 0 0 4 0 0 0 0 0 0 0 0 2 0 0 0 0 0 0 0 0 0 0 0 0 0 0 2 0 6 3 0 0 0 3 0 0 0 0 1 2 0 33 0 0 0 0 0 0 0 0 0 0 0 15 0 0 0 0 0 0 0 0 0 0 0 0 0 0 0 0 0 0 0 0 0 0 0 0 0 8 0 0 0 0 0 0 0 0 0 0 0 0 0 0 7 0 0 12 0 0 0 0 5 0 0 4 0 0 0 0 0 0 0 0 0
0.5320284697508897  0 0 0 0 0 0 0 0 0 0 0 0 0 0 0 0 0 0 0 0 0 0 0 0 0 0 0 0 0 0 0 0 0 0 0 0 0 0 0 0 0 0 0 0 1 0 4 0 0 0 0 1 0 0 0 0 0 0 0 2 0 0 0 0 0 0 0 0 0 0 0 0 0 0 0 0 0 0 0 0 0 0 0 0 0 0 0 1 0 0 0 0 0 0 0 0 0 6 0 0 0 0 0 0 0 0 0 2 0 0 0 0 0 0 0 25 0 0 0 0 1 0 0 0 0 0 0 0 0 0 0 0 0
0.5327586206896552  1 0 0 0 2 0 0 4 0 0 0 0 0 0 0 0 0 0 0 0 0 0 0 0 0 0 0 0 0 2 0 0 0 0 0 0 0 0 0 0 0 0 0 0 14 0 4 1 0 0 0 1 0 0 0 0 3 0 0 11 0 0 0 0 0 0 2 0 0 0 0 0 0 1 0 0 0 0 0 1 0 0 0 8 0 0 0 0 0 0 0 0 0 0 0 2 0 8 0 0 0 0 0 0 0 0 0 0 0 0 0 1 0 0 0 15 0 0 0 0 2 0 0 0 0 0 0 0 0 0 0 1 0
0.5044271532063321  4 8 0 1 1 1 0 18 0 0 0 0 0 0 0 0 2 0 1 0 0 6 0 0 7 0 0 0 0 8 1 1 0 0 0 0 0 4 3 1 0 0 0 0 1 0 34 1 1 0 0 9 0 0 0 0 4 0 0 23 1 0 0 2 7 0 1 0 0 0 4 0 0 14 0 0 0 0 2 2 0 3 0 0 1 1 0 0 0 10 0 0 0 0 0 4 0 10 1 0 0 0 0 0 0 0 0 0 4 0 0 71 22 1 0 96 2 0 0 0 7 0 7 0 3 0 0 0 0 0 0 0 0
0.5322916666666667  0 0 0 0 0 0 0 0 0 0 0 0 0 0 0 0 0 0 0 0 0 0 0 0 0 0 0 0 0 4 0 0 0 0 0 0 1 0 0 0 0 0 0 0 0 0 1 0 0 0 0 0 0 0 0 0 0 3 0 0 0 1 0 0 0 0 5 0 0 0 5 0 0 0 0 0 0 0 0 0 0 0 0 1 0 0 0 0 0 1 0 0 0 0 0 2 0 29 0 0 1 0 0 0 0 0 0 0 0 0 1 2 2 0 0 17 0 0 2 2 0 0 0 1 1 0 0 0 0 0 0 0 0
0.5235975066785397  0 8 0 0 5 1 0 1 0 0 0 0 0 0 0 0 9 0 0 0 4 0 1 0 0 0 0 1 0 9 0 1 0 2 0 0 0 1 0 0 0 12 0 0 17 0 10 0 1 0 5 12 0 0 0 0 5 0 0 7 0 0 0 2 0 1 4 0 6 0 0 0 0 2 0 2 0 0 0 8 0 3 0 0 0 0 0 0 0 0 0 0 0 1 0 3 0 41 0 0 4 1 1 0 0 0 0 0 0 0 0 3 8 0 0 47 1 0 3 0 1 0 0 1 1 0 0 1 0 0 2 5 0
0.5063674954517889  0 0 0 0 0 0 0 10 0 0 0 0 0 0 0 0 0 0 0 0 3 0 0 0 0 0 0 0 0 6 0 0 0 0 0 0 0 0 0 0 0 0 0 0 2 0 3 0 0 0 0 3 0 0 0 0 0 0 0 0 0 0 0 0 1 0 1 0 0 0 6 6 0 2 0 0 0 0 0 0 0 0 0 0 0 0 0 0 0 0 0 0 0 0 0 1 0 3 0 0 0 0 0 0 0 0 0 0 0 0 0 0 0 0 0 17 0 0 0 0 0 0 0 0 0 0 0 0 0 0 0 0 0
0.5283842794759825  0 0 0 0 0 0 0 0 0 0 0 0 0 0 0 0 0 0 0 0 0 0 0 0 0 0 0 0 0 0 0 0 0 0 0 0 0 0 0 0 0 0 0 0 0 0 0 0 0 0 0 0 0 0 0 0 0 0 0 0 0 0 0 0 0 0 0 0 0 0 0 2 0 0 0 0 0 0 0 0 0 0 0 0 0 0 0 0 0 0 0 0 0 0 0 0 0 1 0 0 0 0 0 0 0 0 0 0 0 0 0 0 0 0 0 83 0 0 0 0 0 0 0 0 0 0 0 0 0 0 0 1 0
0.5017667844522968  0 0 0 0 0 0 0 0 0 0 0 0 0 0 0 0 0 0 0 0 0 0 0 0 0 0 0 0 0 0 0 0 0 0 0 0 0 0 0 0 0 0 0 0 0 0 0 0 0 0 0 0 0 0 0 0 0 0 0 1 0 0 0 0 0 0 0 0 0 0 0 0 0 0 0 0 0 0 0 0 0 0 0 0 0 0 0 0 0 0 0 0 0 0 0 0 0 0 0 0 0 0 0 0 0 0 0 0 0 0 0 0 0 0 0 28 0 0 0 0 0 0 0 0 0 0 0 1 0 0 0 0 0
0.5272448196469686  0 0 0 0 0 0 0 0 0 0 0 0 0 0 0 0 0 0 0 0 0 0 0 0 0 0 0 0 0 0 0 0 0 0 0 0 0 0 0 0 0 0 0 0 0 0 1 0 0 0 0 0 0 0 0 0 0 0 0 0 0 0 0 0 0 0 0 0 1 0 0 0 0 0 0 0 0 0 0 0 0 0 0 0 0 0 0 0 0 0 0 0 0 0 0 0 0 2 0 0 0 0 0 0 0 0 0 0 0 0 0 24 1 0 0 31 0 0 0 0 0 0 0 2 0 0 0 0 0 0 0 0 0
0.5592393954168698  0 0 0 0 0 0 0 0 0 0 0 0 0 0 0 0 0 0 0 0 1 0 0 0 0 0 0 1 0 0 0 0 0 0 0 0 0 0 0 0 0 0 0 0 0 0 3 0 0 0 0 0 0 0 0 0 0 0 0 4 0 0 0 1 1 0 0 0 0 0 1 0 0 2 0 0 0 0 0 0 0 0 0 0 0 0 0 0 0 0 0 0 0 0 0 0 0 6 0 0 0 0 0 0 0 0 0 0 0 0 0 6 0 0 0 22 0 2 0 1 0 0 0 0 0 0 0 0 0 0 0 1 1
0.509656652360515  1 4 0 2 0 0 0 11 0 0 0 0 0 0 0 1 1 0 0 0 3 0 0 0 0 0 0 11 0 3 0 9 0 0 0 0 0 0 1 0 0 0 0 0 0 1 25 0 0 0 1 7 1 0 0 0 5 1 0 19 0 4 0 6 0 1 4 0 2 0 10 0 0 3 0 0 5 0 0 2 0 0 1 1 6 2 0 0 0 1 0 0 0 0 0 4 0 89 0 0 7 0 1 0 0 0 4 0 0 0 0 4 0 0 1 10 0 0 0 0 8 0 0 1 2 0 0 0 0 0 0 0 0
0.5145839729812711  1 3 0 0 0 0 0 0 0 0 0 0 0 0 0 0 4 1 2 0 1 9 0 0 1 0 1 0 0 5 0 2 0 0 0 0 0 0 0 0 1 0 0 0 1 0 6 1 1 0 0 8 0 0 2 0 6 1 0 8 5 0 0 0 1 1 0 0 1 0 9 0 0 9 0 0 0 0 0 0 0 0 1 0 0 0 0 0 0 2 0 0 0 2 0 0 0 19 0 0 3 0 0 0 0 0 0 0 0 0 0 27 4 0 0 177 1 3 0 0 1 0 2 2 0 0 0 0 1 0 0 0 0
0.5245437382001259  0 6 2 0 1 1 0 2 0 0 0 0 0 0 0 0 0 0 1 0 11 2 1 0 0 1 0 2 1 1 0 12 0 0 0 0 0 1 0 2 0 0 0 0 1 0 13 1 0 0 1 49 0 0 0 0 2 0 0 21 1 3 0 0 3 1 3 0 1 0 40 1 0 8 0 0 2 0 0 1 0 1 1 1 2 0 0 0 1 11 0 0 1 1 0 1 0 30 2 0 3 7 1 0 0 0 0 0 13 0 0 184 2 0 0 294 2 4 2 18 9 0 5 2 0 1 0 2 0 0 0 6 16
0.5028184892897407  0 7 0 1 0 0 0 0 0 1 0 0 0 0 0 0 0 0 0 0 0 0 0 0 0 0 0 2 0 4 0 0 0 0 0 0 0 0 0 0 1 0 0 0 0 0 1 0 0 0 0 1 0 0 0 0 1 0 0 0 0 0 0 0 1 0 3 0 0 0 7 1 0 8 0 0 0 0 0 0 0 0 0 0 0 0 0 0 0 2 0 0 0 0 0 0 0 2 1 0 2 0 0 0 0 0 0 0 0 0 0 200 0 0 0 205 1 0 0 0 0 0 1 0 7 0 0 0 0 0 0 0 0
0.5082185695246557  0 1 0 0 0 0 0 0 0 0 0 0 0 0 0 0 0 0 0 0 0 0 0 0 0 0 0 0 0 0 0 0 0 0 0 0 0 0 0 0 0 0 0 0 0 0 0 0 0 0 0 0 0 0 0 0 0 0 0 1 0 0 0 0 0 0 0 0 0 0 5 27 0 0 0 0 0 0 0 0 0 0 0 0 0 0 0 0 0 0 0 0 0 0 0 0 0 0 0 0 0 0 0 0 0 0 0 0 0 0 0 0 1 0 0 34 0 0 0 0 0 0 0 1 0 0 0 0 0 0 0 0 0
0.5366518922604842  0 7 0 0 1 2 0 16 1 0 0 0 0 0 0 0 2 0 0 0 2 15 0 0 2 0 0 0 1 55 0 24 1 0 0 0 1 2 0 1 0 0 0 0 4 2 10 0 0 0 2 28 0 0 0 0 19 0 0 34 0 0 0 5 2 3 3 1 4 0 0 0 0 7 0 1 0 1 0 3 0 4 0 2 0 6 0 0 0 15 0 0 0 7 0 4 1 27 0 0 3 0 1 1 4 0 0 0 1 0 0 6 20 0 0 142 0 0 0 0 4 0 2 1 1 0 0 1 0 0 0 0 0
0.4798598949211909  0 1 0 0 0 0 0 1 0 0 0 0 0 0 0 0 0 0 0 0 0 0 0 0 0 0 0 0 0 1 0 0 0 0 0 0 0 0 0 0 0 0 0 0 0 0 0 0 0 0 0 1 0 0 0 0 0 0 0 15 0 0 0 0 0 0 0 0 0 0 1 0 0 0 0 0 0 0 0 0 0 0 1 0 1 0 0 0 0 0 0 0 0 0 0 0 0 2 0 0 0 0 0 0 0 0 0 0 0 0 0 0 2 0 0 23 0 1 0 0 0 0 0 3 0 0 0 0 0 0 0 0 0
0.5375835189309577  0 0 0 0 0 0 0 0 0 0 0 0 0 0 0 0 0 0 0 0 0 0 0 0 0 0 0 0 0 0 0 0 0 0 0 0 0 0 0 0 0 0 0 0 0 0 0 0 0 0 0 0 0 0 0 0 0 0 0 0 0 0 0 0 0 0 0 0 0 0 0 0 0 0 0 0 0 0 0 0 0 0 0 0 0 0 0 0 0 0 0 0 0 0 0 0 0 0 0 0 0 0 0 0 0 0 0 0 0 0 0 0 0 0 0 64 0 0 0 0 0 0 0 0 0 0 0 0 0 0 0 0 0
0.5123152709359606  0 0 0 0 0 0 0 0 0 0 0 0 0 0 0 0 0 0 0 0 0 0 0 0 0 0 0 0 0 0 0 0 0 0 0 0 0 0 0 0 0 0 0 0 0 0 0 0 0 0 0 1 0 0 0 0 0 0 0 0 0 0 0 0 0 0 0 0 0 0 0 0 0 0 0 0 0 0 0 0 0 0 0 0 0 0 0 0 0 0 0 0 0 0 0 0 0 1 0 0 0 0 0 0 0 0 0 0 0 0 0 1 0 0 0 33 0 0 0 1 0 0 0 0 0 0 0 0 0 0 0 0 0
0.5261303581914268  0 4 0 0 0 0 0 2 0 0 0 0 0 0 0 0 0 0 0 0 2 0 0 0 0 0 0 0 0 12 0 6 0 0 0 0 0 0 3 0 0 0 0 0 23 0 2 0 0 0 0 5 0 0 0 0 1 0 0 18 0 1 0 5 0 0 2 0 4 0 1 0 0 7 0 0 0 0 0 5 0 0 0 0 0 4 0 0 0 0 0 0 0 0 0 0 0 20 1 0 0 1 5 0 0 0 0 0 0 0 0 2 0 0 0 30 1 1 0 0 0 0 0 0 0 0 0 0 0 0 0 1 0
0.568241469816273  1 0 0 0 0 0 0 5 0 0 0 0 0 0 0 0 0 0 0 0 3 0 2 0 0 0 0 0 0 1 0 0 0 0 0 0 0 0 2 0 0 0 0 0 12 0 3 0 0 0 2 0 0 0 0 0 1 2 0 5 0 1 0 0 0 2 3 0 0 0 7 0 0 1 0 0 0 0 0 1 0 0 0 0 1 0 0 0 0 0 0 0 0 1 0 2 0 17 0 0 0 1 0 0 3 0 0 0 0 0 0 2 11 0 0 18 0 0 0 0 0 0 0 3 1 0 0 0 0 0 0 0 0
0.4580152671755725  0 0 0 0 0 0 0 0 0 0 0 0 0 0 0 0 0 0 0 0 3 0 0 0 0 0 0 0 0 0 0 0 0 0 0 0 0 0 0 0 0 0 0 0 6 0 14 0 0 0 0 1 0 0 0 0 0 0 0 15 0 0 0 0 1 0 0 0 0 0 1 0 0 0 0 0 0 0 0 0 0 0 0 0 0 0 0 0 0 0 0 0 0 1 0 0 0 24 0 1 0 0 0 0 0 0 0 0 0 0 0 13 0 0 0 37 0 0 0 1 3 0 0 0 0 0 0 0 0 0 0 0 0
0.4264705882352941  0 0 0 0 0 0 0 0 0 0 0 0 0 0 0 0 0 0 0 0 0 0 0 0 0 0 0 0 0 0 0 0 0 0 0 0 0 1 0 0 0 0 0 0 0 0 0 0 0 0 0 2 0 0 0 0 0 0 0 20 0 0 0 0 0 0 0 0 0 0 2 0 0 0 0 0 0 0 0 0 0 0 0 0 0 0 0 0 0 0 0 0 0 0 0 0 0 17 0 0 0 0 0 0 0 0 0 0 0 0 0 1 0 0 0 40 0 0 0 0 5 0 0 0 0 0 0 0 0 0 0 0 0
0.5298547606239914  0 0 0 0 0 0 0 0 0 0 0 0 0 0 0 0 0 0 0 0 3 0 0 0 0 0 0 3 0 0 0 0 0 0 0 0 0 0 0 0 0 0 0 0 0 0 0 0 0 0 0 3 0 0 0 0 0 0 0 3 0 3 0 0 0 0 0 0 0 0 5 0 0 0 0 0 0 0 0 0 0 0 0 1 0 0 0 0 0 0 0 0 0 0 0 1 0 10 0 0 0 0 0 0 0 0 0 0 0 0 0 13 0 0 0 29 0 0 0 0 0 0 0 11 2 0 0 0 0 0 0 0 0
0.5177607274793976  0 0 1 0 0 0 0 1 0 0 0 0 0 0 0 0 0 0 0 0 3 0 0 0 0 0 0 1 0 3 0 0 0 0 0 0 0 2 0 0 0 0 0 0 0 0 2 0 0 0 0 6 0 0 0 0 0 0 0 7 1 0 0 0 0 0 0 0 0 0 4 2 0 0 0 0 0 0 0 0 0 0 0 0 0 0 0 0 0 1 0 0 0 1 0 1 0 26 0 0 0 0 0 0 0 0 0 0 0 0 0 7 0 0 0 16 0 0 0 0 1 0 0 1 0 0 0 0 0 0 0 0 0
0.5187265917602997  0 0 0 0 0 0 0 1 0 0 0 0 0 0 0 0 0 0 0 0 0 2 0 0 0 0 0 0 0 0 0 0 0 0 0 0 0 0 0 0 0 0 0 0 0 0 0 0 0 0 0 2 0 0 0 0 0 0 0 0 0 0 0 0 0 0 0 0 0 0 0 0 0 0 0 0 0 0 0 0 0 0 0 0 0 0 0 0 0 0 0 0 0 0 0 0 0 5 0 0 0 0 0 0 0 0 0 0 0 0 0 0 0 0 0 24 0 0 1 0 0 0 2 0 0 0 0 1 0 0 0 0 0
0.5220820189274448  0 6 0 0 2 0 5 5 0 0 1 0 0 2 0 0 0 0 0 0 0 0 0 0 0 0 0 2 0 6 0 2 0 0 0 0 0 4 1 0 0 0 0 0 6 0 6 0 1 0 0 3 0 0 0 0 11 0 0 10 1 0 0 1 1 0 0 0 0 0 0 0 0 6 0 0 0 1 0 1 0 1 0 0 0 1 0 1 1 0 0 0 0 4 0 0 0 8 0 0 0 0 0 0 0 0 0 8 1 0 0 5 2 0 0 81 2 0 0 5 3 0 0 0 1 0 0 4 0 0 0 4 1
0.4733994589720469  5 0 2 0 0 0 0 3 0 0 1 0 0 0 0 0 0 0 0 0 3 1 0 0 0 0 0 0 0 0 0 0 0 0 0 0 0 4 0 0 0 0 0 0 4 0 4 0 0 0 0 6 0 0 0 0 1 0 0 29 0 2 0 0 0 0 0 0 0 0 58 1 0 10 0 0 2 0 0 0 0 0 3 0 0 0 0 3 0 1 0 0 0 0 0 4 0 46 0 0 0 0 0 0 0 0 0 55 0 0 0 102 33 0 0 89 0 0 0 0 6 0 0 0 0 0 0 0 0 0 0 0 0
0.4917075449661294  0 0 0 0 0 0 0 0 0 0 0 0 0 0 2 1 0 0 0 0 2 0 0 0 0 0 0 0 0 6 0 0 0 0 0 0 0 1 0 0 0 0 0 0 2 0 40 0 0 0 0 0 0 0 0 0 25 0 0 6 0 0 0 0 0 0 0 0 0 0 5 0 0 0 0 0 0 0 0 0 0 5 0 1 0 3 0 0 0 0 0 0 0 3 0 0 0 81 0 0 3 0 0 0 0 0 0 1 0 0 0 8 4 0 0 0 0 0 0 0 0 0 0 2 0 0 0 0 0 0 0 0 0
0.5200374531835206  4 15 1 0 0 0 0 35 0 0 0 1 0 2 0 0 3 2 0 0 4 0 0 0 0 0 0 1 0 34 0 1 0 1 0 0 0 9 0 0 0 0 0 0 0 1 28 2 0 0 3 14 1 0 0 0 20 3 0 18 1 0 0 1 2 3 3 0 0 0 4 0 0 22 0 0 4 0 1 2 0 1 0 3 0 2 0 1 0 7 0 1 0 3 0 9 0 3 1 0 2 2 3 2 0 0 0 3 2 0 0 15 135 1 1 35 0 0 0 1 9 0 0 2 1 0 0 2 0 0 0 3 0
0.5120994113799869  2 5 0 1 0 0 0 3 0 0 0 0 0 0 0 0 1 0 0 0 0 0 0 0 1 0 0 0 0 1 0 0 0 0 0 0 0 0 0 0 0 0 0 0 0 0 4 0 0 0 0 0 0 0 0 0 1 2 0 19 0 0 0 0 0 0 0 0 0 0 2 0 0 3 0 0 0 0 0 2 0 0 0 0 0 1 1 1 0 0 0 0 0 5 0 0 0 1 0 0 0 0 0 0 0 0 0 4 3 0 0 14 0 0 0 26 0 0 0 0 0 0 1 4 0 0 0 0 0 0 0 0 0
0.5245573957738435  0 2 0 0 0 0 1 5 0 0 0 1 0 0 0 0 2 0 0 0 2 1 0 0 0 0 0 3 0 7 0 3 0 0 0 0 0 1 0 1 1 0 0 0 1 0 10 0 0 0 1 3 0 0 0 1 3 0 0 4 1 0 0 2 7 2 3 0 0 0 0 0 0 2 0 0 0 0 0 0 0 1 1 0 0 0 0 0 0 4 0 0 0 1 0 1 0 32 0 0 0 0 0 0 0 0 0 0 0 0 0 0 2 0 0 27 0 0 0 1 3 0 4 1 1 0 0 1 0 0 0 8 1
0.5270316218973138  3 0 1 0 0 0 0 0 0 0 3 0 0 3 0 0 0 0 0 0 2 0 0 0 0 0 0 0 0 1 0 0 0 0 0 0 0 0 0 0 0 0 0 0 2 0 2 0 0 0 0 2 0 0 0 0 0 0 0 10 0 0 0 0 0 0 0 0 0 0 3 0 0 0 0 0 0 0 0 0 3 0 0 0 0 0 0 1 0 4 0 0 0 3 0 7 0 49 0 0 0 0 0 0 0 0 0 6 0 0 0 1 26 0 0 28 0 0 0 1 1 0 0 0 0 0 0 0 0 0 0 0 1
0.5170575692963753  1 1 3 0 0 0 0 0 0 0 0 0 0 5 0 0 0 0 0 0 0 6 0 0 0 0 0 0 0 1 0 0 0 0 0 0 0 0 0 0 0 0 0 0 1 0 20 0 0 0 0 0 0 0 0 0 7 0 0 16 0 0 0 0 0 0 0 0 0 0 10 0 0 0 0 1 0 0 0 0 1 0 0 0 0 0 0 0 0 9 0 0 0 0 0 1 0 9 0 0 1 0 0 0 0 0 0 1 0 0 0 1 3 0 0 72 0 1 0 0 0 0 0 1 0 0 0 0 0 0 0 0 0
0.5396825396825397  0 3 0 0 1 0 0 3 0 0 1 0 0 0 0 0 0 0 0 0 1 0 0 0 0 0 0 0 0 13 0 0 0 0 0 0 0 1 0 0 0 0 0 0 1 0 9 0 0 0 0 5 0 0 0 0 0 0 0 45 0 0 0 0 0 0 0 0 0 0 20 0 0 0 0 0 0 0 0 0 0 0 2 0 0 0 0 0 0 5 0 0 0 0 0 5 0 27 0 0 2 0 0 0 0 0 0 0 0 0 0 14 2 0 0 86 0 2 0 8 3 0 0 0 0 0 0 0 0 0 0 1 2
0.5092783505154639  2 5 0 0 1 0 0 6 1 0 0 0 0 0 0 0 2 0 2 0 7 2 0 0 0 0 0 0 0 8 0 3 0 0 0 0 0 5 1 0 0 0 0 0 4 0 12 0 0 0 0 1 0 1 0 0 10 1 0 7 1 0 0 0 1 0 1 0 1 0 4 15 0 7 0 1 1 1 0 1 0 5 2 0 1 4 0 0 1 1 1 0 0 0 0 2 0 3 0 0 5 0 1 0 0 0 1 0 2 0 0 3 6 0 0 39 1 1 0 0 1 0 0 1 1 0 0 0 0 0 0 0 0
0.5075669383003493  1 9 0 0 1 0 0 17 0 0 0 0 0 0 1 0 2 0 2 0 8 0 0 0 1 0 0 1 0 37 0 1 0 0 0 0 0 0 1 1 0 0 0 0 3 2 11 1 0 1 1 15 24 0 0 1 14 0 0 10 0 0 1 0 2 5 7 0 0 0 3 0 0 12 0 0 0 0 4 0 0 0 0 2 1 1 0 0 3 26 0 0 0 1 0 6 0 16 0 0 3 0 3 2 0 0 0 0 6 0 0 4 6 1 0 139 2 4 0 0 12 0 0 2 1 1 1 0 0 0 0 0 0
0.520952380952381  0 27 0 1 0 0 3 3 0 0 2 1 0 0 0 0 1 0 1 1 1 3 2 0 0 0 0 1 0 0 0 5 0 0 0 0 0 1 0 0 3 0 0 0 1 0 20 0 3 0 0 36 0 0 0 5 13 6 0 20 3 1 0 0 17 1 2 0 0 0 11 379 0 48 0 1 2 0 0 3 0 1 0 2 1 1 0 0 0 45 1 0 0 2 0 3 0 28 2 0 2 0 0 0 1 0 0 0 22 0 9 79 20 0 0 238 1 0 0 0 4 0 1 6 0 2 2 6 0 0 0 0 0
0.5224181360201511  0 0 0 0 0 0 0 0 0 0 0 0 0 0 0 0 0 0 0 0 0 0 0 0 0 0 0 0 0 0 0 0 0 0 0 0 0 0 0 0 0 0 0 0 0 0 0 0 0 0 0 1 0 0 0 0 0 0 0 0 0 0 0 0 0 0 0 0 0 0 0 0 0 0 0 0 0 0 0 0 0 0 0 0 0 0 0 0 0 0 0 0 0 0 0 0 0 0 0 0 0 0 0 0 0 0 0 0 0 0 0 0 4 0 0 71 0 0 0 0 2 0 0 0 0 0 0 0 0 0 0 0 0
0.5209352909189777  0 0 0 0 0 0 0 18 0 0 0 0 0 0 0 0 0 0 0 0 4 6 0 0 2 0 0 2 0 2 0 0 0 0 0 0 0 0 0 1 0 0 0 0 2 0 4 0 0 0 0 0 0 1 0 0 4 0 0 10 0 0 0 1 1 1 0 0 0 0 4 0 0 7 0 1 0 2 0 0 0 0 5 0 0 0 0 0 0 4 0 0 0 0 0 0 0 18 0 0 1 0 0 0 1 0 0 0 0 0 0 1 0 0 0 11 0 0 0 0 0 0 6 0 1 0 0 0 0 0 0 0 0
0.5498327759197325  0 1 0 1 0 0 0 0 0 0 0 0 0 0 0 0 0 0 0 0 6 0 0 0 0 0 0 0 0 0 0 3 0 0 0 0 0 0 0 0 0 0 0 0 1 0 2 0 0 0 0 3 0 0 0 0 1 0 0 2 0 0 0 0 0 0 0 0 0 0 3 0 0 0 0 0 0 0 0 0 0 1 0 0 0 0 0 0 0 0 0 0 0 0 0 1 0 2 0 0 0 0 0 0 0 0 0 0 0 0 0 0 0 0 0 36 0 0 0 0 1 0 0 0 0 0 0 0 0 0 0 0 0
0.5085809962327333  0 1 0 0 0 0 0 2 0 0 0 0 0 0 0 0 3 0 0 0 0 0 0 0 1 0 0 0 0 1 0 5 0 0 0 0 0 0 0 0 0 0 0 0 1 0 2 0 1 0 0 6 0 0 0 0 2 0 0 2 0 0 0 0 0 0 0 0 1 0 0 0 0 1 0 0 0 0 0 0 0 1 0 0 0 1 1 0 0 0 0 0 0 0 0 0 0 7 1 0 0 0 0 0 0 0 0 0 0 0 0 2 1 0 0 212 0 0 0 40 1 0 6 0 0 1 0 0 0 0 0 0 38
0.5125834617360041  0 0 0 0 0 0 2 4 4 0 0 0 0 0 0 0 2 0 0 0 6 0 0 0 0 0 1 0 0 3 0 1 0 0 0 0 0 0 0 0 0 0 0 0 0 0 2 0 0 0 0 0 0 0 0 0 2 0 0 0 0 0 0 0 3 0 1 0 1 0 6 21 0 0 0 0 0 0 0 1 0 0 0 0 0 0 0 0 0 2 0 0 0 1 0 0 0 0 0 0 1 0 0 0 0 1 0 0 2 0 0 10 3 0 0 75 0 0 0 6 4 0 0 1 0 1 0 0 0 0 0 1 0
0.4941065535124941  0 14 0 1 1 0 0 0 1 0 0 0 0 0 0 0 2 0 0 0 4 1 0 0 0 0 0 0 0 14 1 2 0 3 0 0 0 0 0 1 2 1 0 0 6 0 14 0 0 0 0 5 0 0 0 0 9 0 0 18 0 0 0 0 2 1 3 1 2 0 7 24 0 11 0 0 0 1 0 3 0 1 0 3 3 1 0 0 0 0 0 0 0 1 0 3 0 18 0 0 2 4 1 1 0 0 0 0 1 0 0 0 4 0 0 12 0 0 0 0 3 0 7 0 0 0 0 0 0 0 0 2 0
0.5093497069494837  0 0 0 0 0 0 0 0 0 0 0 0 0 0 0 0 0 0 0 0 0 0 0 0 0 0 0 0 0 0 0 0 0 0 0 0 0 0 0 0 0 0 0 0 0 0 1 0 0 0 0 0 0 0 0 0 0 0 0 5 0 0 0 0 0 0 0 0 0 0 2 0 0 0 0 0 0 0 0 1 0 0 0 1 0 0 0 0 0 0 0 0 0 0 0 0 0 14 0 0 0 0 0 0 0 0 0 0 0 0 0 1 0 1 0 58 0 0 0 0 2 0 0 0 0 0 0 0 0 0 0 0 0
0.5464527027027027  0 0 0 0 2 0 0 1 0 0 0 0 0 0 0 0 0 0 0 0 0 0 0 0 0 0 0 0 0 0 0 0 1 0 0 0 0 0 0 0 0 0 0 0 0 0 0 0 0 0 0 0 0 0 0 0 0 0 0 1 0 0 0 1 0 0 0 0 0 0 0 0 0 4 0 0 0 0 0 0 0 0 0 0 0 0 0 0 0 1 0 0 0 0 0 0 0 1 1 0 0 0 0 0 0 0 0 0 1 0 0 0 0 0 0 35 0 0 0 0 0 0 0 0 0 0 0 1 0 0 0 0 0
0.49321266968325794  0 2 0 0 0 0 0 0 0 0 0 0 0 0 0 0 0 0 0 0 0 0 0 0 0 1 0 0 0 0 0 0 0 0 0 0 0 0 0 0 0 0 0 0 0 0 1 0 2 0 0 2 0 1 0 0 0 0 0 0 1 0 0 0 2 0 0 0 0 0 1 0 0 1 0 0 2 0 0 0 0 0 0 0 0 2 0 0 0 0 0 0 0 0 0 0 0 0 0 0 0 0 0 2 0 0 0 0 2 0 0 65 0 0 0 77 0 0 0 0 0 0 0 1 0 0 0 0 0 0 0 0 0
0.5169463639355051  0 1 0 0 2 0 0 7 1 0 0 2 0 0 0 0 0 0 0 1 3 0 0 0 0 0 0 0 0 2 0 5 0 0 0 0 0 0 0 0 0 0 0 0 0 1 14 0 0 0 0 21 0 0 0 3 4 0 0 9 0 0 0 0 1 0 2 0 0 0 6 0 0 6 0 0 0 0 0 2 0 0 0 1 1 0 0 0 0 3 0 0 0 1 0 1 0 4 0 0 0 1 0 1 0 0 0 0 0 0 0 2 1 0 0 67 0 0 0 0 3 0 1 4 0 0 0 1 0 0 0 0 1
0.5245700245700246  1 0 0 1 0 0 0 1 0 0 0 0 0 0 1 0 0 0 0 0 0 2 0 0 1 0 0 0 3 1 0 0 0 0 0 0 0 0 0 1 0 0 0 0 0 0 1 0 3 0 0 3 0 0 0 0 3 0 0 10 0 0 0 0 0 0 0 0 0 0 5 1 0 1 0 0 0 0 0 0 0 0 0 1 0 0 0 0 0 0 0 0 0 1 0 0 0 49 0 0 1 0 0 0 0 0 0 0 0 0 0 58 0 0 0 104 0 0 2 0 0 0 2 17 0 0 0 2 0 0 0 0 1
0.5450418994413407  5 1 0 1 0 0 0 2 2 0 0 0 0 0 0 0 5 0 0 0 5 0 0 0 0 0 0 2 0 9 0 0 1 1 0 0 0 0 0 1 0 0 0 0 13 0 4 1 0 0 0 8 0 0 0 2 9 1 0 1 0 0 0 4 2 4 0 0 0 0 1 37 0 4 0 0 1 0 0 2 0 6 3 1 8 0 0 0 0 0 0 2 0 2 0 3 0 30 0 0 0 1 0 1 0 0 0 0 0 0 0 0 12 0 0 11 0 0 2 0 3 0 0 4 1 2 0 2 0 0 0 3 0
0.4950435566236107  0 0 0 0 0 0 0 0 0 0 0 0 0 0 0 0 0 0 0 0 0 0 0 0 0 0 0 0 0 0 0 0 0 0 0 0 0 0 0 0 0 0 0 0 0 0 0 0 0 0 0 0 0 0 0 0 0 0 0 3 0 0 0 0 0 0 0 0 0 0 0 0 0 0 0 0 0 0 0 0 0 0 0 0 0 0 0 0 0 0 0 0 0 0 0 0 0 0 0 0 0 0 0 0 0 0 0 0 0 0 0 1 0 0 0 29 0 0 0 2 5 0 0 0 0 0 0 0 0 0 0 0 2
0.508724832214765  0 2 0 0 1 0 0 2 0 0 0 0 0 0 0 0 0 0 0 0 1 0 0 0 0 0 0 0 0 10 0 4 0 0 0 0 0 0 0 0 0 0 0 0 5 1 15 0 0 0 0 5 0 0 0 0 1 1 0 6 0 0 0 0 0 0 1 0 0 0 0 1 0 0 0 0 0 0 0 0 0 0 0 0 0 4 0 0 0 0 0 0 0 3 0 0 0 20 0 0 1 2 0 0 1 0 0 0 3 0 0 5 2 2 0 22 0 0 0 3 1 0 0 1 0 0 0 0 0 0 0 0 3
0.520368574199806  0 4 0 0 0 0 2 8 0 0 3 0 0 0 0 0 2 0 1 0 2 0 0 0 0 0 0 0 1 11 0 4 0 0 0 0 0 4 2 2 0 0 0 0 0 0 3 3 1 0 0 5 0 0 0 0 6 0 0 12 0 0 0 0 3 9 1 0 0 0 11 40 1 5 0 0 0 0 0 1 0 2 0 5 0 0 0 0 1 4 0 0 0 10 0 1 0 9 0 0 5 5 3 0 1 0 0 6 11 0 0 77 2 0 0 146 0 0 0 3 3 0 2 0 0 1 0 3 0 0 0 5 3
0.5078325263457705  3 7 1 0 0 0 0 4 0 0 0 0 0 0 0 0 0 0 0 0 4 0 0 0 0 0 0 1 0 1 0 0 0 0 0 0 0 1 0 0 0 0 0 0 13 0 12 0 2 0 0 5 4 0 0 0 3 0 0 12 0 0 0 1 0 1 4 0 0 0 6 0 0 3 0 0 0 0 1 0 0 2 0 0 0 1 0 3 0 0 0 0 0 0 0 0 0 21 1 0 1 10 1 0 0 0 0 4 0 0 0 36 11 0 0 80 0 0 0 1 2 0 0 4 1 0 0 5 0 0 0 3 0
0.5379803395889187  1 12 0 1 1 0 0 14 0 0 0 3 0 0 0 0 0 0 2 0 3 1 0 0 0 0 1 2 0 13 0 5 0 0 0 0 0 1 0 2 2 0 0 0 3 1 3 1 1 0 1 27 2 0 0 2 8 2 0 22 0 0 0 5 5 1 0 0 2 0 12 8 1 29 0 1 1 0 0 2 0 1 0 1 0 1 0 0 2 3 0 0 0 1 0 4 0 29 0 0 6 1 0 0 1 0 0 0 3 0 0 16 13 0 0 73 0 0 2 0 7 0 1 8 0 0 0 0 3 1 0 0 0
0.5268935236004391  0 1 0 0 1 0 0 4 0 0 0 0 0 0 0 0 0 0 0 0 25 0 1 0 0 0 0 0 0 14 0 0 0 0 0 0 0 1 2 1 2 0 0 0 3 0 4 0 2 0 0 8 0 0 0 0 7 1 0 0 0 1 0 0 1 2 2 0 0 0 4 8 0 3 0 0 0 0 0 4 0 0 0 2 1 0 0 0 0 1 0 0 0 0 0 4 0 10 0 0 1 0 0 0 0 0 0 0 0 0 0 2 2 0 0 39 0 0 0 2 1 0 1 1 0 0 0 3 0 0 0 3 0
0.5181008902077151  0 0 0 1 0 0 0 2 0 0 0 0 0 0 0 0 0 0 0 0 2 0 0 0 1 0 0 1 0 1 0 1 0 0 0 0 0 0 0 0 0 0 0 0 0 0 3 0 1 0 0 3 0 0 0 0 0 0 0 4 0 0 0 0 1 0 0 0 0 0 10 0 0 1 0 0 0 0 0 1 0 0 0 0 1 0 0 0 0 0 0 0 0 0 0 0 0 8 0 0 0 0 0 0 0 0 0 0 1 0 0 24 2 0 0 23 0 0 0 4 1 0 2 4 0 0 0 0 0 0 0 0 2
0.5058788947677837  0 1 0 0 0 1 0 0 0 0 0 0 0 0 0 0 0 0 0 0 9 0 0 0 1 0 0 0 0 9 0 0 0 1 0 0 0 1 0 0 0 0 0 0 4 0 5 0 0 0 0 15 7 0 0 0 9 0 0 7 1 0 0 0 1 0 2 0 0 0 6 0 0 10 0 0 0 0 0 2 0 0 0 1 0 0 0 0 0 15 0 0 0 1 0 0 0 13 0 0 1 4 0 0 1 0 0 0 3 0 0 19 1 0 0 40 0 1 0 2 5 0 5 0 1 0 0 0 0 0 0 0 3
0.49784880147510757  0 1 0 0 0 0 0 0 0 0 0 0 0 0 0 0 1 0 1 0 1 1 0 0 0 0 0 0 0 0 0 3 0 0 0 0 0 0 0 3 2 1 0 0 1 0 0 0 0 0 0 5 0 0 0 0 1 0 0 3 2 0 0 0 2 0 1 0 0 0 3 1 0 2 0 0 0 0 0 1 0 0 0 0 1 1 0 0 0 1 0 0 0 0 0 0 0 0 1 0 0 1 0 0 0 0 0 0 0 0 1 3 0 0 0 22 0 0 2 0 1 0 0 1 0 0 0 4 0 0 0 0 0
0.5083565459610028  0 2 0 0 0 0 0 1 1 0 0 0 0 0 0 0 1 0 0 0 3 0 0 0 0 0 0 1 0 3 0 4 0 0 0 0 0 0 0 0 0 1 0 0 0 0 3 0 0 0 2 2 0 0 0 1 3 2 0 1 0 2 0 0 3 0 1 0 0 0 2 1 0 4 0 0 0 0 0 1 0 0 1 1 0 0 1 0 0 6 0 0 0 0 0 1 0 0 0 0 0 0 0 0 0 0 0 0 3 0 0 5 1 0 0 47 0 0 0 0 3 0 1 0 0 0 0 0 0 0 0 0 0
0.5308893414799728  0 0 0 0 0 0 0 0 0 0 0 0 0 0 0 0 0 0 0 0 2 0 0 0 0 0 0 0 0 1 0 0 0 0 0 0 0 0 0 2 0 0 0 0 0 0 3 0 0 0 0 4 0 0 0 0 2 1 0 11 0 0 0 0 0 1 3 0 1 0 0 0 0 3 0 0 0 0 0 1 0 0 0 0 0 0 0 0 0 0 0 0 0 0 0 2 0 6 0 0 1 0 0 0 0 0 0 0 4 0 1 321 1 0 0 338 0 0 0 36 3 0 0 2 0 0 0 0 0 0 0 1 35
0.5047140163419234  1 0 0 0 0 0 1 1 0 0 0 0 0 0 0 0 0 0 0 0 5 0 0 0 0 0 0 1 0 0 0 0 0 0 0 0 0 0 0 0 0 0 0 0 1 0 5 0 0 0 0 3 0 0 0 0 2 0 0 2 0 0 0 0 0 0 1 0 0 0 4 0 0 1 0 0 0 0 0 1 0 1 0 0 1 0 0 0 0 0 0 0 0 0 0 3 0 5 0 0 0 0 0 0 0 0 0 0 2 0 0 15 1 0 0 19 0 0 0 6 0 0 1 4 1 0 0 0 0 0 0 0 6
0.5197177251971773  48 47 5 3 8 6 1 281 6 1 1 0 0 5 0 0 6 0 4 0 7 2 0 0 3 1 0 35 3 348 0 39 0 2 0 0 2 1 3 3 0 11 0 0 8 0 62 0 7 10 9 55 0 0 15 8 168 22 0 126 7 4 0 39 12 27 16 0 23 0 3 0 6 54 0 0 4 0 54 11 5 15 3 2 2 11 0 2 0 65 1 0 14 20 0 10 2 63 8 0 8 24 6 5 0 2 1 20 29 0 0 2 152 27 0 385 44 1 14 3 9 0 2 19 2 2 0 29 1 0 0 0 2
0.5383033419023137  0 1 0 0 0 0 0 8 0 0 0 0 0 0 0 0 12 0 0 0 5 0 0 0 0 0 0 0 0 0 0 2 0 0 0 0 0 2 0 0 0 0 0 0 0 0 1 0 0 0 0 22 0 0 0 0 2 0 0 10 0 0 0 0 0 0 0 0 0 0 28 0 0 0 0 0 0 0 0 0 0 0 0 0 0 1 0 0 0 0 0 0 0 7 0 3 0 3 0 0 2 1 0 0 0 0 0 0 2 0 0 24 15 0 0 35 0 1 0 3 1 0 0 0 0 0 0 0 0 0 0 0 0
0.5213903743315508  1 1 0 0 0 0 0 1 1 0 0 0 0 0 0 0 0 0 0 0 1 0 0 0 0 0 0 0 1 1 0 0 0 0 0 0 0 0 0 0 0 0 0 0 0 0 1 0 0 0 0 2 0 0 0 0 4 0 0 2 0 0 0 0 0 0 1 0 0 0 1 0 0 1 0 0 0 0 0 0 0 0 0 0 0 0 0 0 0 1 0 0 0 0 0 0 0 0 0 0 1 2 0 0 1 0 0 0 0 0 0 7 0 0 0 113 1 0 0 7 2 0 0 0 0 0 0 0 0 0 0 0 6
0.5583809029579657  0 0 0 0 0 0 0 0 0 0 0 0 0 0 0 0 0 0 0 0 1 0 0 0 0 0 0 0 0 4 0 0 0 0 0 0 0 0 0 0 0 0 0 0 0 0 3 0 0 0 0 4 0 0 0 0 0 0 0 4 0 0 0 0 0 0 0 0 0 0 0 0 0 0 0 0 0 0 0 0 0 0 0 0 0 0 0 0 0 0 0 0 0 0 0 0 0 4 0 0 1 0 0 0 0 0 0 0 1 0 0 23 0 0 0 27 0 0 0 3 6 0 0 0 0 0 0 0 0 0 0 0 0
0.5021682567215958  2 3 0 0 0 0 0 2 0 0 0 0 0 0 0 0 4 0 0 0 3 6 0 0 0 0 0 9 0 21 0 0 0 1 0 0 0 2 0 0 0 0 0 0 19 0 10 0 0 0 1 4 0 0 0 0 5 4 0 5 0 0 0 0 1 4 15 0 1 0 7 50 0 5 0 0 0 0 0 2 0 0 0 1 0 1 0 0 0 0 0 0 0 0 0 2 1 24 0 0 0 3 0 5 2 0 0 0 4 0 0 11 33 0 0 34 0 0 1 2 0 0 2 2 2 1 0 7 0 0 3 2 2
0.5161716171617162  1 1 0 0 0 0 0 1 0 0 0 0 0 0 0 0 0 0 0 0 0 0 0 0 0 0 0 0 0 0 0 0 0 0 0 0 0 1 0 0 1 0 0 0 0 0 2 0 0 0 0 3 0 0 0 0 0 0 0 1 0 0 0 0 0 0 0 0 0 0 4 0 0 3 0 0 0 0 0 3 0 0 0 0 0 0 0 0 0 0 0 0 0 0 0 0 0 1 0 0 0 0 0 0 0 0 0 0 0 0 0 49 1 0 0 63 0 0 0 0 0 0 0 0 0 0 0 0 0 0 0 0 0
0.5186023940472339  14 4 0 3 13 5 0 8 0 0 0 0 0 0 0 0 4 0 0 0 5 0 1 0 1 0 0 0 0 7 0 3 0 1 0 0 0 10 0 0 0 0 0 0 7 10 10 1 0 0 1 2 0 0 0 0 0 3 0 41 3 0 0 3 0 3 3 0 1 0 6 10 0 6 0 19 0 4 0 1 0 9 0 4 0 10 0 0 0 0 6 0 0 2 0 0 0 42 0 0 0 6 0 0 1 0 15 0 1 0 0 7 34 0 0 19 0 0 14 1 9 0 2 10 0 0 0 1 0 0 0 1 0
0.5266244790862787  0 1 0 0 0 0 0 0 0 0 1 0 0 0 0 0 0 0 0 0 0 1 0 0 0 0 0 0 0 1 0 0 0 0 0 0 0 0 0 0 0 0 0 0 1 0 2 0 0 0 0 8 0 0 0 0 0 1 0 8 0 0 2 0 1 0 0 0 0 0 9 0 0 0 0 1 0 3 0 0 0 0 0 0 0 1 0 0 0 5 0 0 0 0 0 0 0 86 0 0 0 0 1 0 0 0 0 0 1 0 0 180 0 0 0 38 0 0 0 16 1 0 0 2 0 0 0 0 0 0 0 0 12
0.49760306807286675  6 3 0 0 0 3 0 2 0 0 0 0 0 0 0 0 0 0 0 0 1 0 3 0 0 0 0 3 0 12 0 4 0 0 0 0 0 0 0 0 0 0 0 0 0 0 3 0 1 0 0 1 0 0 0 0 1 0 0 10 1 0 0 0 0 1 0 0 0 0 5 0 0 5 0 0 0 0 0 2 0 0 2 0 1 0 0 0 0 0 0 0 0 1 0 7 0 15 2 0 0 0 1 0 0 0 0 0 0 0 0 0 5 0 0 6 0 10 0 0 2 0 0 9 0 0 0 0 0 0 0 0 0
0.5173961840628507  10 3 0 0 0 0 0 9 0 0 0 1 0 0 0 0 0 0 0 0 4 0 0 0 0 0 0 1 0 6 0 0 0 0 0 0 0 0 0 0 0 0 0 0 0 0 5 0 0 0 0 4 0 2 0 0 4 0 0 2 2 0 0 0 2 0 2 0 0 0 10 0 0 5 0 0 0 0 0 2 0 0 4 0 0 0 0 0 0 1 0 0 0 0 0 10 0 7 0 0 1 0 0 0 0 0 0 0 0 0 0 1 1 0 0 0 0 0 0 0 2 0 0 0 0 0 0 3 0 0 0 0 0
0.49742533470648814  0 0 0 0 0 0 0 0 0 0 0 0 0 0 0 0 0 0 0 0 0 0 0 0 1 0 0 0 0 3 0 0 0 0 0 0 0 0 0 0 0 0 0 0 0 0 0 0 0 0 0 0 0 0 0 0 0 0 0 2 0 0 0 0 0 1 0 0 1 0 0 0 0 0 0 0 0 0 0 0 0 0 1 0 0 2 0 0 0 0 0 0 0 0 0 0 0 0 0 0 0 0 0 0 0 0 0 0 0 0 0 6 0 0 0 38 0 0 0 1 0 0 0 0 1 0 0 0 0 0 0 0 0
0.4996243425995492  7 11 1 0 2 0 1 20 0 0 0 0 0 0 1 0 1 0 0 0 4 3 0 0 0 1 0 0 0 17 0 3 0 1 0 0 0 8 6 2 0 0 0 0 21 0 29 3 0 0 4 7 0 0 0 0 11 2 0 18 1 1 0 6 3 0 5 0 2 0 2 1 0 13 0 2 0 2 0 3 0 2 3 0 1 4 0 0 0 0 0 0 1 2 0 5 0 47 1 0 1 0 2 2 1 0 0 0 2 0 0 10 4 1 1 24 1 0 1 0 1 0 4 0 2 0 0 4 0 0 0 0 0
0.5142857142857142  0 0 0 0 0 0 0 0 0 0 0 0 0 0 0 0 0 0 0 0 0 0 0 0 0 0 0 0 0 0 0 0 0 0 0 0 0 0 0 0 0 0 0 0 0 0 0 0 0 0 0 0 0 0 0 0 0 0 0 0 0 0 0 0 0 0 0 0 0 0 0 0 0 0 0 0 0 0 0 0 0 0 0 0 0 0 0 0 0 0 0 0 0 0 0 0 0 1 0 0 0 0 0 0 0 0 0 0 0 0 0 0 0 0 0 21 0 0 0 0 0 0 0 0 0 0 0 0 0 0 0 0 0
0.5084477296726505  0 3 0 1 2 0 1 8 0 0 0 1 0 0 0 0 0 0 0 0 2 1 0 0 0 0 0 3 0 14 0 0 0 0 0 0 1 2 1 0 1 0 0 0 4 0 3 0 0 0 0 4 0 0 0 0 1 1 0 9 1 0 0 1 0 0 0 0 3 0 7 4 0 6 0 0 0 0 1 1 0 0 0 3 0 0 0 0 0 0 0 0 0 1 0 2 0 13 0 0 0 1 0 0 0 0 0 0 2 0 0 6 0 0 0 24 0 0 0 0 0 0 0 1 0 0 0 2 0 0 1 1 0
0.49369217830109335  0 1 1 0 1 0 0 2 0 0 0 0 0 0 0 0 0 0 0 0 1 0 0 0 0 0 0 3 0 5 0 0 0 3 0 0 0 0 0 0 0 0 0 0 2 0 5 0 0 0 0 1 2 0 0 0 3 0 0 6 1 0 0 0 0 0 3 0 0 0 0 0 0 0 0 0 2 0 0 1 0 1 0 1 1 1 0 0 0 3 0 0 0 0 0 0 0 12 0 0 0 0 0 0 0 0 0 0 1 0 0 16 3 0 0 28 0 0 2 0 0 0 0 3 0 0 0 1 0 0 0 0 0
0.5005263157894737  0 0 0 0 1 0 2 13 0 0 0 0 0 0 0 0 0 0 0 0 0 0 0 0 0 0 0 1 0 2 0 0 0 0 0 0 0 0 1 1 0 0 0 0 1 0 3 0 1 0 1 4 0 0 1 0 1 0 0 0 0 0 0 0 5 0 1 0 0 0 3 0 0 4 0 1 1 0 0 0 0 0 0 0 0 0 0 0 0 1 0 0 0 1 0 1 0 0 0 0 0 0 1 0 1 0 0 0 3 0 0 4 1 0 0 94 0 0 0 1 1 0 1 0 0 0 1 0 0 0 0 0 0
0.4479166666666667  1 0 0 2 5 0 0 37 0 0 0 0 0 0 0 0 0 0 0 0 2 0 0 0 1 0 0 0 0 39 0 0 0 0 0 0 0 1 0 0 0 0 0 0 22 0 11 0 0 0 0 6 0 0 0 0 19 0 0 31 0 0 0 0 0 0 16 0 0 0 3 0 0 0 0 0 0 0 0 2 0 1 0 0 0 6 0 0 0 9 0 0 0 2 0 2 0 28 0 0 0 0 0 2 3 0 0 0 1 0 0 0 16 0 0 7 0 0 0 0 0 0 0 1 0 0 0 0 0 0 0 0 0
0.49375709421112374  1 0 0 0 0 0 0 1 0 0 0 0 0 0 0 0 0 0 0 0 2 0 0 0 0 0 0 0 0 2 0 0 0 0 0 0 0 0 0 0 0 0 0 0 2 0 6 0 0 1 0 3 0 0 0 0 1 0 0 36 0 0 0 0 0 0 0 0 0 0 0 0 0 3 0 0 0 0 1 0 0 0 0 0 0 0 0 0 0 6 0 0 0 7 0 0 0 1 0 0 1 0 0 0 0 0 0 0 0 0 0 0 0 0 0 33 0 0 0 1 2 0 0 0 0 1 0 0 0 0 0 0 0
0.5021872265966754  0 2 0 1 0 0 0 2 0 0 0 0 0 0 0 0 0 0 0 0 1 0 0 0 0 0 0 2 0 1 0 0 0 0 1 0 0 0 0 0 1 0 0 0 0 0 2 0 2 0 0 1 0 0 0 0 0 0 0 5 1 0 0 1 0 0 1 0 1 0 9 0 0 1 0 1 0 0 0 0 0 0 0 0 0 0 0 0 0 1 0 0 0 1 0 1 0 0 0 0 0 0 0 1 0 0 0 0 1 0 0 3 3 0 0 62 0 1 0 0 2 0 3 6 0 0 0 1 0 0 0 0 0
0.5199115044247787  0 1 0 0 2 0 0 1 0 0 0 0 0 0 0 0 1 0 0 0 0 0 0 0 0 0 0 1 0 4 0 0 0 0 0 0 0 0 0 0 0 0 0 0 5 0 6 0 0 1 0 4 0 0 1 0 2 0 0 11 0 0 0 0 2 0 0 0 0 0 8 0 0 4 0 0 0 0 0 0 0 0 0 1 0 0 0 0 0 1 0 0 0 1 0 2 0 27 0 0 0 0 0 0 0 0 0 13 0 0 0 1 2 0 0 52 0 0 1 0 1 0 3 1 0 0 0 1 0 0 0 0 0
0.5276663993584603  1 8 0 1 0 0 0 13 0 0 1 0 0 0 0 0 0 0 0 0 4 0 1 0 0 0 0 5 0 18 0 11 0 1 0 0 0 3 1 0 0 0 0 0 10 1 26 5 19 0 2 83 0 0 0 1 11 5 0 238 8 5 1 7 8 1 2 0 3 0 27 5 0 31 0 0 0 0 0 4 0 8 9 3 3 2 0 0 0 0 0 0 0 5 0 7 0 129 2 0 3 0 4 3 0 0 0 0 20 0 0 792 5 1 0 985 0 2 0 44 16 0 3 71 1 0 0 2 0 0 0 0 34
0.503448275862069  1 4 0 1 1 0 3 11 0 0 1 0 0 0 0 0 0 0 0 0 5 0 0 0 0 2 0 2 0 24 0 3 0 0 0 0 0 0 0 2 3 0 0 0 0 0 1 0 2 0 0 8 4 0 0 0 9 0 0 9 2 0 0 1 4 0 5 0 0 0 6 80 0 12 0 0 0 0 0 0 0 0 0 0 0 0 0 0 0 5 0 0 0 2 0 3 0 12 0 0 0 0 0 3 0 0 0 0 3 0 0 22 1 0 0 49 0 0 4 0 5 0 1 2 0 0 0 0 0 0 0 1 0
0.5181198421241479  0 5 0 0 0 0 0 0 0 0 1 0 0 0 0 0 0 0 0 0 0 2 0 0 0 0 0 0 0 0 0 0 0 0 0 0 0 0 0 0 0 0 0 0 1 0 10 0 2 0 0 4 0 0 0 1 1 0 0 3 0 1 0 0 3 2 1 0 0 0 4 1 0 9 0 0 0 0 0 1 0 0 1 2 1 0 0 0 0 1 0 0 0 1 0 0 0 0 1 0 1 0 1 1 0 0 0 1 2 0 0 2 1 0 0 123 3 1 2 0 0 0 1 1 0 0 0 2 0 0 0 6 0
0.5331179321486268  0 1 0 0 4 0 0 9 1 0 0 0 0 0 0 0 2 0 0 0 1 0 0 0 1 0 1 0 0 7 0 0 0 0 0 0 0 0 0 0 0 0 0 0 8 0 6 0 0 0 0 2 3 0 0 0 8 0 0 5 0 1 0 1 0 1 6 0 2 0 1 0 0 4 0 0 0 1 4 0 0 2 0 1 1 0 0 0 0 0 2 0 0 0 0 0 0 8 1 0 0 9 4 0 0 0 1 0 1 0 0 1 5 0 0 14 2 0 0 0 3 0 0 1 0 0 0 0 0 0 0 0 0
0.5160468670402445  3 157 0 4 1 0 3 82 0 0 0 0 0 0 0 0 46 6 2 0 3 9 0 0 0 0 0 24 1 40 0 32 0 6 0 0 0 85 3 0 0 0 0 0 24 0 19 3 1 2 1 38 0 1 0 13 118 3 0 35 6 4 0 24 32 35 14 0 2 0 19 0 0 92 0 1 9 0 6 11 0 18 1 6 5 4 0 0 13 2 0 0 0 15 0 27 0 42 6 8 27 20 14 14 2 2 0 22 32 0 0 5 70 0 0 183 9 8 5 1 72 0 0 16 7 7 0 1 0 0 0 0 0
0.5406976744186046  0 2 0 0 9 0 0 5 0 0 0 0 0 0 0 0 0 0 0 0 6 0 0 0 0 0 0 1 2 16 0 1 0 4 0 0 0 1 2 1 0 0 0 0 0 0 7 2 0 0 1 16 0 0 1 0 7 0 0 7 1 0 0 1 2 5 0 0 6 0 8 0 0 6 0 0 0 0 0 1 0 0 0 0 0 0 0 0 0 3 0 0 0 0 0 0 0 54 0 0 2 1 0 0 0 0 0 1 0 0 0 3 2 0 0 224 0 0 1 0 12 0 0 1 0 0 0 1 0 1 0 1 0
0.5041952707856598  0 1 0 0 0 0 0 0 0 0 0 0 0 0 0 0 0 0 0 0 0 0 0 0 0 0 0 0 0 0 0 0 0 0 0 0 0 0 0 0 0 0 0 0 0 0 0 0 0 0 0 1 0 0 0 0 0 0 0 1 0 0 0 0 0 0 0 0 0 0 0 0 0 0 0 0 0 0 0 0 0 0 0 0 0 0 0 0 0 0 0 0 0 0 0 0 0 0 0 0 0 0 0 0 0 0 0 0 0 0 0 38 0 0 0 42 0 0 0 0 0 0 0 0 0 0 0 0 0 0 0 0 0
0.4955543933054393  2 4 0 0 0 0 0 0 0 0 0 0 0 0 0 0 0 0 0 0 1 2 0 0 0 0 0 0 0 5 0 1 0 0 0 0 1 0 0 0 1 0 0 0 9 0 2 1 0 0 1 4 0 0 0 0 2 0 0 5 1 1 0 3 0 1 0 0 0 0 5 0 0 1 0 1 0 0 0 2 0 0 0 3 0 2 0 0 0 0 0 0 0 0 0 1 0 25 0 0 1 2 0 1 0 0 0 0 0 0 0 15 0 0 0 93 1 0 0 1 0 0 0 0 0 0 0 0 0 0 0 3 1
0.5083046067063617  1 1 0 0 1 0 0 0 1 0 1 3 0 0 0 0 0 0 0 0 5 2 0 0 1 0 0 1 1 15 0 9 0 0 0 0 0 1 3 1 0 0 0 0 3 0 4 0 0 1 0 9 0 0 0 0 9 0 0 22 0 1 0 4 1 2 3 0 2 0 14 0 0 19 0 0 1 0 0 1 0 0 0 2 0 0 0 0 0 0 0 0 0 0 0 1 0 8 1 0 2 0 0 0 0 0 0 0 1 0 0 9 22 0 0 57 0 7 0 1 1 0 4 3 0 0 0 0 0 0 0 0 2
0.5797872340425532  0 3 0 0 0 0 0 2 0 0 0 0 0 0 0 0 6 0 1 0 0 0 0 0 0 0 0 2 0 7 0 2 0 0 0 0 0 0 0 0 0 0 0 0 0 0 1 0 1 0 1 6 0 0 0 0 7 0 0 0 0 0 0 2 2 0 0 0 1 0 2 0 0 6 0 1 0 0 0 1 0 0 0 0 0 1 1 1 0 0 0 0 0 0 0 0 0 15 0 0 2 0 0 0 0 0 0 1 0 0 0 1 0 0 0 30 0 1 0 1 0 0 0 1 0 0 0 0 0 0 0 2 1
0.537636626108476  0 0 0 0 0 0 0 0 0 0 0 0 0 0 0 0 0 0 0 0 0 0 0 0 0 0 0 0 0 0 0 0 0 0 0 0 0 0 0 0 0 0 0 0 0 0 0 0 0 0 0 0 0 0 0 0 0 0 0 0 0 0 0 0 0 0 0 0 0 0 0 0 0 0 0 0 0 0 0 0 0 1 1 0 0 0 0 0 0 0 0 0 0 0 0 0 0 38 0 0 2 0 0 0 0 0 0 0 0 0 0 1 0 0 0 78 0 0 0 1 4 0 0 1 0 0 0 0 0 0 0 1 0
0.4896942242355606  0 0 0 0 0 0 0 0 0 0 0 0 0 0 0 0 0 0 0 0 3 0 0 0 0 0 0 0 0 2 0 0 0 0 0 0 1 0 0 0 0 0 0 0 0 0 1 1 0 0 0 1 1 0 0 0 0 0 0 7 0 1 0 0 0 0 0 0 0 0 0 0 0 1 0 2 0 0 0 0 0 0 0 1 0 0 0 0 0 0 0 0 0 0 0 0 0 14 0 0 0 0 0 0 0 0 0 0 0 0 0 6 0 0 0 18 0 1 0 2 0 0 0 0 2 0 0 0 0 0 0 0 1
0.5657805044308112  0 2 0 0 1 0 1 4 0 0 0 1 0 0 0 0 1 0 0 0 1 0 0 0 0 0 0 0 0 8 0 5 0 2 0 0 0 2 1 0 0 0 0 0 2 0 14 0 1 0 0 18 0 1 0 0 4 1 0 16 2 0 0 2 1 0 0 0 2 0 3 17 0 5 0 0 1 0 0 0 0 1 0 1 0 1 0 0 0 1 0 0 0 0 0 1 0 29 1 0 1 0 0 0 0 0 0 0 4 0 0 12 1 0 0 266 0 0 1 2 4 0 2 6 0 0 0 0 0 0 0 0 1
0.5320197044334976  0 4 0 0 0 0 0 8 0 0 0 3 0 0 0 0 1 0 0 0 6 0 0 0 0 0 0 0 0 0 4 0 0 0 0 0 0 1 0 0 0 0 0 0 12 0 2 0 0 0 0 2 0 0 0 0 1 0 0 15 0 0 0 0 0 0 3 0 0 0 2 1 0 1 0 0 0 0 0 0 0 0 0 0 0 0 0 0 0 6 0 0 0 0 0 1 0 18 0 0 0 0 0 0 0 0 0 0 1 0 0 37 7 0 0 114 0 0 3 0 1 0 0 26 0 0 0 0 0 0 0 0 0
0.40097799511002447  7 0 0 2 0 0 0 9 0 0 0 0 0 0 0 0 2 0 0 0 16 1 0 0 0 0 0 0 0 4 0 0 0 1 0 0 0 0 0 0 0 0 0 0 27 0 4 0 0 0 0 21 0 0 0 0 0 1 0 7 0 6 2 3 1 0 5 0 0 0 1 1 0 1 0 0 0 0 0 0 0 0 0 4 0 0 0 0 0 2 0 0 0 0 0 0 0 179 0 0 0 2 0 0 0 0 0 0 1 0 0 11 22 0 0 3 0 0 9 0 0 0 0 4 0 0 0 0 0 0 0 0 0
0.5285714285714286  0 1 0 1 0 0 0 6 0 0 0 0 0 0 0 0 0 0 0 0 3 0 0 0 0 0 0 0 0 7 0 0 0 0 0 0 0 0 0 0 0 0 0 0 8 0 13 0 0 0 1 5 0 0 0 2 2 2 0 22 0 0 0 0 0 0 0 0 0 0 13 15 0 1 0 0 0 0 0 1 0 1 0 0 0 0 0 0 0 2 0 0 0 0 0 3 0 22 0 0 2 2 0 0 0 1 0 0 7 0 0 46 70 0 0 5 0 0 0 0 3 0 0 9 0 0 0 0 0 0 0 0 0
0.5138401559454191  0 0 0 0 0 0 0 0 0 0 0 0 0 0 0 0 0 0 0 0 0 0 0 0 0 0 0 0 0 0 0 0 0 0 0 0 0 0 0 0 0 0 0 0 0 0 0 0 0 0 0 0 0 0 0 0 0 0 0 1 0 0 0 0 0 0 0 0 0 0 0 0 0 0 0 0 0 0 0 0 0 0 0 0 0 0 0 0 0 0 0 0 0 0 0 0 0 0 0 0 0 0 0 0 0 0 0 0 0 0 0 1 0 0 0 29 0 0 0 0 0 0 0 0 0 0 0 0 0 0 0 0 0
0.48013245033112584  0 0 0 0 1 0 0 3 0 0 0 0 0 0 0 0 0 0 0 0 0 0 0 0 0 0 0 0 0 0 0 0 0 0 0 0 0 0 0 0 0 0 0 0 9 0 3 0 0 0 0 6 0 0 0 0 0 0 0 4 0 1 0 0 1 0 6 0 0 0 1 0 0 0 0 0 0 0 0 0 0 0 0 0 0 2 0 0 0 0 0 0 0 0 0 2 0 15 0 0 2 1 3 0 0 0 0 0 0 0 0 0 0 0 0 22 0 1 0 0 5 0 0 0 0 0 0 0 0 0 0 0 0
0.4966887417218543  1 1 0 0 1 0 0 0 0 0 0 0 0 0 0 0 0 0 0 0 0 0 0 0 0 0 0 1 0 0 0 0 0 0 0 0 0 0 0 0 0 0 0 0 0 0 0 0 0 0 0 6 0 0 0 0 0 0 0 0 0 0 0 2 0 1 0 0 3 0 4 1 0 2 0 0 0 0 0 0 0 0 0 0 0 0 0 0 0 0 0 0 0 0 0 0 0 15 0 0 2 0 0 0 0 0 0 0 2 0 0 22 2 0 0 35 0 0 0 0 1 0 0 0 0 0 0 0 0 0 0 0 0
0.486  2 2 0 2 0 0 0 3 0 0 0 0 0 0 0 0 0 0 0 0 7 0 0 0 0 0 0 0 0 4 0 0 0 0 0 0 0 0 0 0 0 1 0 0 13 0 10 0 0 0 0 1 0 0 0 0 0 0 0 5 0 0 0 1 0 1 2 0 0 0 6 22 0 0 0 0 0 0 0 1 0 0 0 0 1 0 0 0 0 0 0 0 0 0 0 3 0 20 0 0 0 0 0 0 0 0 0 0 1 0 0 2 7 0 0 57 0 0 0 0 0 0 0 20 0 0 0 0 0 0 0 0 0
0.5504761904761905  0 3 0 0 2 0 0 0 0 0 0 2 0 0 0 0 0 0 0 0 0 0 0 0 0 0 0 0 0 7 0 1 0 0 0 0 0 0 0 0 0 0 0 0 0 0 1 0 0 0 0 7 0 0 1 0 4 0 0 5 2 1 0 6 0 1 0 0 2 0 4 0 0 5 0 0 0 0 0 0 0 0 2 0 0 0 0 0 0 5 0 0 0 2 0 1 0 3 0 0 0 0 0 0 0 0 0 0 4 0 0 0 4 0 0 50 1 3 1 0 1 0 1 23 0 0 0 5 0 0 0 0 0
0.5264394829612221  0 0 0 0 0 0 0 0 0 0 0 0 0 0 0 0 0 0 0 0 1 0 0 0 0 0 0 0 0 0 0 0 0 0 2 0 0 0 0 0 0 0 0 0 0 0 1 0 0 0 0 0 0 0 0 0 1 0 0 1 0 0 2 0 1 1 2 0 0 0 1 67 0 1 0 0 0 0 0 2 0 0 1 0 2 0 0 0 0 2 0 0 0 0 0 0 1 0 0 0 0 0 0 0 0 0 0 0 1 0 0 9 0 0 0 35 0 0 0 2 0 0 0 2 0 0 0 1 0 0 0 0 0
0.5714285714285714  1 0 0 1 0 0 0 3 0 0 0 0 0 0 0 0 2 0 0 0 11 1 0 0 0 0 0 0 0 7 0 1 0 0 0 0 0 1 1 0 0 0 0 0 0 0 4 0 3 0 1 5 0 0 0 1 3 0 0 5 2 0 0 1 0 1 0 0 2 0 3 0 0 4 0 0 0 0 0 1 0 0 0 0 0 0 0 1 0 1 0 0 0 1 0 1 0 4 2 0 1 0 3 0 0 0 0 1 5 0 0 0 1 0 0 60 0 0 0 0 0 0 0 1 0 0 0 2 0 0 0 1 1
0.5073399882560188  0 0 0 0 0 0 0 0 0 0 0 0 0 0 0 0 1 0 0 0 0 0 0 0 0 0 0 1 0 0 0 0 0 0 0 0 0 0 0 0 0 0 0 0 0 0 0 0 0 0 0 0 0 0 0 0 0 1 0 0 0 0 0 0 0 0 0 0 0 0 2 0 0 1 0 0 0 0 0 0 0 0 0 0 0 0 0 0 0 0 0 0 0 0 0 0 0 1 0 0 0 0 0 0 0 0 0 0 0 0 0 0 0 0 0 35 0 0 0 0 3 0 0 0 0 0 0 0 0 0 0 0 0
0.5885755603759942  0 1 0 0 0 0 1 2 0 0 0 0 0 0 0 0 0 0 0 0 0 0 0 0 0 0 0 0 0 1 0 0 0 0 0 0 0 8 0 0 0 0 0 0 0 0 6 0 0 0 1 20 1 0 0 0 3 2 0 16 0 0 0 3 0 0 2 0 1 0 11 1 0 0 0 0 0 0 0 0 0 2 0 0 0 0 0 0 0 0 0 0 0 0 0 0 0 9 0 0 4 0 0 0 0 0 0 0 0 0 0 11 2 1 0 88 0 1 0 8 1 0 0 1 0 0 0 0 0 1 0 5 4
0.5390178911305672  0 0 0 0 0 0 0 0 0 0 0 0 0 0 0 0 0 0 0 0 0 0 0 0 0 0 0 0 0 4 0 0 0 0 0 0 0 0 0 0 0 0 0 0 1 0 1 0 0 0 0 0 0 0 0 0 3 1 0 1 0 1 0 1 0 0 0 0 0 0 11 0 0 2 0 0 0 0 0 0 0 0 0 0 0 0 0 0 0 0 0 0 0 0 0 0 0 4 0 0 0 3 0 0 0 0 0 0 0 0 0 1 3 0 0 41 0 0 0 1 0 0 0 0 0 0 0 0 0 0 0 1 1
0.48900038595137013  0 1 0 0 0 0 0 5 0 0 0 0 0 0 0 0 1 0 0 0 2 0 0 0 2 0 0 0 0 4 0 1 0 0 0 0 0 0 0 0 1 0 0 0 8 0 5 0 1 0 0 9 1 1 0 2 8 1 0 24 0 0 0 0 1 1 1 0 3 0 0 0 0 2 0 1 0 0 0 3 0 0 1 1 0 3 0 0 0 2 0 0 0 0 0 0 0 0 0 0 2 0 0 0 1 0 0 0 2 0 0 8 0 0 0 131 0 0 1 0 0 0 3 2 0 1 0 2 1 0 0 0 0
0.4767932489451477  0 3 0 1 0 0 0 11 1 0 0 0 0 0 0 0 3 0 0 0 1 7 0 0 1 0 0 0 0 3 0 5 0 0 0 0 0 2 1 0 1 0 0 0 0 0 2 0 0 0 0 5 0 0 0 0 3 0 0 6 0 0 0 1 0 0 4 0 0 0 2 2 0 5 2 0 0 0 0 0 0 0 0 0 1 0 0 0 1 6 0 0 0 2 0 0 0 15 0 0 0 1 0 1 0 0 0 0 2 0 0 17 1 0 0 30 2 0 0 2 1 0 0 0 0 0 0 0 0 0 0 0 1
0.46800947867298576  0 1 0 0 4 0 0 11 0 0 0 0 0 0 0 0 0 0 0 0 1 1 0 0 0 0 0 0 0 3 0 0 0 0 0 0 0 22 0 0 0 0 0 0 1 0 6 0 0 0 0 4 0 0 0 0 0 0 0 20 0 0 0 1 0 0 1 0 0 0 2 3 0 3 0 5 0 0 0 0 0 4 0 0 0 0 0 0 0 0 0 0 0 1 0 2 0 11 0 0 0 0 0 0 0 0 1 1 1 0 0 0 2 2 0 8 2 2 1 0 0 0 0 2 1 0 0 0 0 0 0 0 0
0.511238431026884  15 2 0 0 0 3 0 12 0 0 0 0 0 0 0 0 0 0 0 0 3 0 0 0 15 0 0 1 0 5 0 0 0 0 0 0 0 2 0 0 0 0 0 0 6 2 3 0 0 0 0 3 0 0 0 0 3 0 0 12 0 0 0 0 0 0 1 0 0 0 3 0 0 7 0 0 0 1 0 1 0 7 5 1 1 0 0 0 0 0 0 0 0 2 0 1 0 9 0 0 1 9 0 0 0 0 0 0 0 0 0 4 1 0 0 19 0 2 0 1 6 0 0 1 4 0 0 0 0 0 0 3 0
0.5249575551782683  0 0 0 0 0 0 0 0 0 0 0 0 0 0 0 0 0 0 0 0 2 0 0 0 0 0 0 0 0 5 0 0 0 0 0 0 0 1 0 0 0 0 0 0 1 0 1 0 0 0 0 3 0 0 0 0 0 0 0 4 0 1 0 0 0 0 0 0 0 0 3 0 0 0 0 0 0 0 0 0 0 0 0 0 0 1 0 0 0 2 0 0 0 0 0 0 0 31 0 0 0 0 0 0 0 0 0 3 0 0 0 2 0 0 0 42 1 0 0 0 1 0 0 0 0 0 0 0 0 0 0 0 1
0.5180543121456281  1 3 0 0 0 0 2 1 0 0 0 0 0 0 0 0 0 0 0 0 5 0 0 0 1 0 0 1 0 11 0 2 0 0 0 0 0 0 0 1 0 0 0 0 1 0 6 1 0 0 4 5 0 0 0 0 5 3 0 4 0 0 0 0 2 0 3 0 4 0 10 1 0 2 0 2 0 0 0 2 0 0 0 3 0 1 0 0 0 0 0 0 0 1 0 2 0 5 0 0 0 1 2 0 0 0 0 0 1 0 0 18 2 0 0 61 0 0 0 5 3 0 0 0 2 0 0 6 0 0 0 0 5
0.49086479902557856  0 0 0 1 0 0 0 0 0 0 0 0 0 0 0 0 0 0 0 0 0 0 0 0 0 0 0 0 0 0 0 0 0 0 0 0 0 0 0 0 0 0 0 0 0 0 1 0 0 0 0 1 0 0 0 0 0 0 0 0 0 0 0 1 0 0 0 0 0 0 0 0 0 3 0 0 0 0 0 2 0 0 0 0 0 0 0 0 0 0 0 0 0 0 0 0 0 0 0 0 0 0 0 0 0 0 0 0 0 0 0 0 0 0 0 26 0 0 0 0 0 0 0 0 3 0 0 0 0 0 0 0 0
0.5299145299145299  0 0 0 0 0 0 0 3 0 0 0 0 0 0 0 0 1 0 0 0 2 1 0 0 0 0 1 0 0 2 0 0 0 0 0 0 0 0 0 2 1 0 0 0 0 0 4 0 0 0 0 3 0 1 0 0 4 0 0 6 1 0 0 0 2 1 9 0 2 0 12 0 0 3 0 0 0 0 0 1 0 4 0 0 0 0 0 0 0 2 0 0 0 0 0 0 0 1 0 0 6 0 0 0 0 1 0 0 9 0 0 58 13 0 0 61 0 0 0 0 2 0 1 2 0 0 0 0 0 0 0 0 0
0.4923413566739606  0 0 0 0 3 0 0 0 0 0 0 0 0 0 0 0 0 0 0 0 0 0 0 0 2 0 0 0 0 4 0 0 0 0 0 0 0 0 0 0 0 0 0 0 1 0 7 0 0 0 0 16 0 0 0 0 3 0 0 2 0 0 0 0 0 0 0 0 0 0 8 0 0 0 0 0 0 0 0 1 0 0 0 0 0 0 0 0 0 0 0 0 0 0 0 1 0 38 0 0 1 2 0 0 0 0 0 0 0 0 0 5 0 0 0 26 0 1 0 0 18 0 0 0 2 0 0 0 0 0 0 0 0
0.6015037593984962  1 1 0 2 4 0 10 40 0 0 0 0 0 0 0 0 4 0 0 0 6 0 4 0 0 0 0 1 0 21 0 1 0 0 0 0 0 4 0 0 0 0 0 0 1 0 21 1 1 1 0 43 0 0 0 0 8 0 0 86 0 0 1 0 2 0 7 0 0 0 43 0 0 7 0 0 0 0 0 6 0 2 16 6 2 0 0 0 0 20 0 0 0 4 0 3 0 16 0 0 0 0 0 0 0 1 0 0 0 0 0 7 1 0 0 52 0 0 3 3 41 0 0 2 3 0 0 0 0 0 0 11 0
0.4969939879759519  0 0 0 0 0 0 0 0 0 0 0 0 0 0 0 0 0 0 0 0 0 0 0 0 0 0 0 0 0 0 0 0 0 0 0 0 0 0 0 0 0 0 0 0 0 0 0 0 0 0 0 0 0 0 0 0 0 0 0 0 0 0 0 0 0 0 0 0 0 0 0 0 0 0 0 0 0 0 0 0 0 0 0 0 0 0 0 0 0 0 0 0 0 0 0 0 0 0 0 0 0 0 0 0 0 0 0 0 0 0 0 3 0 0 0 22 0 0 0 0 0 0 0 0 0 0 0 0 0 0 0 0 0
0.533953488372093  0 1 0 0 0 0 1 1 0 0 0 0 0 0 0 0 1 0 0 0 0 0 0 0 0 0 0 1 0 2 0 0 0 1 0 0 0 0 0 0 0 0 0 0 0 0 1 0 0 0 0 3 0 0 0 0 1 0 0 0 0 0 0 0 0 1 1 0 0 0 6 2 0 1 0 0 0 0 0 0 0 0 0 0 0 0 0 0 0 0 0 0 0 0 0 0 0 14 0 0 0 0 0 0 0 0 0 0 1 0 0 0 0 0 0 47 0 1 1 0 0 0 1 1 0 0 0 2 0 0 0 0 0
0.5127572016460905  5 2 0 0 0 0 0 0 0 0 0 0 0 0 0 0 0 0 0 0 0 5 0 0 0 0 0 0 0 2 0 0 0 0 0 0 0 0 0 0 0 0 0 0 28 0 17 0 0 0 0 11 0 0 0 0 0 0 0 0 0 0 0 0 0 0 0 0 0 0 7 0 0 2 0 0 0 0 0 0 0 0 0 0 0 0 0 1 0 1 0 0 0 0 0 0 0 57 0 0 1 0 0 0 0 0 0 2 0 0 0 10 10 0 0 53 0 0 0 0 4 0 0 0 0 0 0 0 0 0 0 0 0
0.537956204379562  0 4 0 0 0 0 1 2 0 0 0 0 0 0 0 0 0 0 0 0 2 0 0 0 0 0 0 2 0 4 0 0 0 0 0 0 0 0 0 0 1 0 0 0 0 0 3 0 1 0 0 5 3 0 0 0 2 0 0 6 0 0 0 0 0 3 0 0 1 0 0 0 0 2 0 0 0 0 3 0 0 1 0 2 1 1 0 0 0 2 0 0 0 0 0 0 0 6 0 0 2 0 0 1 0 0 0 0 3 0 0 46 7 0 0 134 0 0 0 0 1 0 0 0 0 0 0 0 0 0 0 0 0
0.49094097019286964  0 1 0 0 0 0 0 2 0 0 0 0 0 0 0 0 0 0 0 0 1 0 0 0 0 0 0 0 0 3 0 0 0 0 0 0 0 1 0 0 0 0 0 0 0 0 7 1 0 0 0 3 1 0 0 0 3 0 0 5 0 0 0 0 1 0 0 0 0 0 1 0 0 3 0 0 0 0 0 0 0 0 0 0 0 0 0 0 0 1 0 0 0 0 0 0 0 0 0 0 0 0 0 0 0 0 0 0 0 0 0 0 1 0 0 16 0 0 0 0 0 0 0 0 0 0 0 0 0 0 0 0 0
0.5004616805170822  2 2 0 0 0 0 0 2 0 0 1 0 0 0 0 0 0 0 0 0 1 4 0 0 0 1 0 0 0 2 0 1 0 0 0 0 0 0 0 0 0 0 0 0 4 0 4 0 1 0 0 0 0 0 0 1 1 0 0 6 0 2 0 1 2 2 1 0 2 0 0 8 0 2 0 0 0 0 0 1 0 0 0 2 0 0 0 1 0 2 0 0 0 2 0 1 0 12 0 0 0 0 0 0 0 0 0 2 1 0 0 19 0 1 0 58 1 0 0 0 1 0 0 0 1 0 0 0 0 0 0 0 0
0.5408079142621599  0 0 1 1 0 0 1 0 0 0 0 0 0 0 0 0 5 0 0 0 4 1 0 0 0 0 0 4 0 0 0 1 0 0 0 0 0 0 1 0 0 0 0 0 6 0 2 0 0 0 1 2 0 0 0 1 2 1 0 4 1 1 0 0 0 2 3 0 0 0 0 0 0 1 0 3 0 0 0 1 0 0 0 0 1 0 0 0 0 0 0 0 0 0 0 0 0 19 0 0 1 3 0 0 0 0 1 0 0 0 0 20 18 0 0 54 0 0 1 0 1 0 0 13 1 1 0 0 0 1 0 1 0
0.524025069637883  0 0 0 0 0 0 0 0 0 0 0 0 0 0 0 0 1 0 0 0 3 0 0 0 0 0 0 0 0 0 0 0 0 0 0 0 0 1 0 0 0 0 0 0 0 0 0 0 0 0 0 0 0 0 0 0 0 0 0 0 0 0 0 0 1 0 0 0 0 0 1 0 0 0 0 0 0 0 0 0 0 0 0 0 0 0 0 0 0 0 0 0 0 0 0 0 0 18 0 0 0 0 0 0 0 0 0 0 0 0 0 6 2 0 0 261 0 0 1 0 0 0 0 0 0 0 0 0 0 0 0 1 0
0.4946767474155223  1 8 0 2 0 0 0 2 0 0 0 0 0 0 0 0 1 0 0 0 1 1 0 0 0 0 0 3 0 1 0 0 0 0 0 0 1 2 1 0 0 0 0 0 0 0 16 0 2 0 0 11 0 1 0 0 5 1 0 43 0 0 1 1 12 0 2 0 0 0 0 0 0 11 0 0 1 0 0 1 0 0 1 0 1 1 0 0 0 0 0 0 0 0 0 5 0 21 0 0 0 0 0 0 0 0 0 0 4 0 0 1 24 0 0 133 0 1 0 0 23 0 0 4 8 0 0 2 0 0 0 0 5
0.5039836102890963  0 0 0 0 0 0 0 0 0 0 0 0 0 0 0 0 0 0 0 0 0 0 0 0 0 0 0 0 0 0 0 1 0 0 0 0 0 0 0 0 0 0 0 0 1 0 0 0 0 0 0 0 0 0 0 0 0 0 0 0 0 0 0 0 0 0 0 0 0 0 1 1 0 0 0 0 0 0 0 0 0 0 0 0 0 0 0 0 0 0 0 0 0 0 0 0 0 2 0 0 1 0 0 0 0 0 0 0 0 0 0 0 0 0 0 21 0 0 0 0 0 0 0 0 0 0 0 0 0 0 0 0 0
0.49382716049382713  3 5 0 0 0 0 2 0 0 0 0 0 0 0 0 0 0 0 0 0 2 0 0 0 0 0 0 0 0 0 0 0 0 0 0 0 0 0 0 0 0 0 0 0 0 1 15 1 0 0 1 3 0 0 0 0 12 1 0 5 0 0 0 1 2 0 3 0 0 0 2 0 0 3 0 0 0 1 1 0 0 1 0 0 0 0 0 0 0 1 0 0 0 3 0 2 0 8 0 0 0 0 0 0 0 0 0 0 0 0 0 0 6 0 0 20 0 3 1 2 14 0 0 2 1 0 0 2 0 0 0 0 2
0.5029239766081871  0 1 0 0 2 0 0 1 0 0 1 0 0 0 0 0 0 0 0 0 1 0 0 0 0 0 0 0 0 0 0 0 0 0 0 0 0 0 0 0 0 0 0 0 1 0 0 0 0 0 0 2 0 0 0 0 1 0 0 6 0 0 0 0 0 2 0 0 1 0 4 18 0 5 0 0 0 0 0 0 0 0 0 0 1 1 0 0 0 0 0 0 0 0 0 0 0 11 0 0 1 0 0 0 0 0 0 0 1 0 0 2 1 0 0 34 0 0 0 0 1 0 2 8 1 0 0 2 0 0 0 0 0
0.5197080291970803  0 0 0 0 0 0 0 1 0 0 0 0 0 0 0 0 1 0 0 0 1 0 0 0 1 0 0 0 0 5 0 0 0 0 0 0 0 0 0 0 0 0 0 0 0 0 0 0 0 0 0 3 0 0 0 0 5 0 0 0 0 0 0 1 0 2 0 0 1 0 0 0 0 2 0 0 0 0 0 0 0 0 2 1 0 3 0 0 0 2 0 0 0 0 0 1 0 20 0 0 0 0 0 0 0 0 0 0 0 0 0 3 2 0 0 21 0 0 0 0 0 0 0 0 0 0 0 1 0 0 0 0 0
0.5030851501439737  0 0 0 1 1 0 0 3 0 0 0 0 0 0 0 0 0 0 1 0 0 0 0 0 0 0 0 0 0 4 0 0 0 0 0 0 0 1 0 0 0 0 0 0 0 0 3 0 1 0 0 0 0 0 0 0 7 0 0 32 0 1 0 0 19 0 1 0 0 0 0 0 0 3 0 0 0 0 0 0 0 0 0 0 0 2 0 0 0 0 0 0 0 0 0 2 0 0 0 0 2 0 1 0 0 0 0 0 2 0 0 1 1 0 0 33 0 0 1 0 1 0 0 10 0 0 0 0 0 0 0 0 0
0.4871207784773898  0 0 0 1 2 0 0 3 0 0 0 0 0 0 0 0 0 0 0 0 2 0 0 0 1 0 0 0 0 0 0 0 0 0 0 0 0 1 0 0 0 0 0 0 1 1 0 0 0 0 0 5 0 0 0 0 3 0 0 1 0 0 0 0 0 0 0 0 0 0 0 0 0 0 0 0 0 0 0 0 0 2 1 0 0 0 0 0 0 0 0 0 0 0 0 4 0 10 0 0 0 0 0 0 0 0 0 0 0 0 0 2 0 0 0 54 0 0 1 2 2 0 0 1 0 0 0 0 0 0 0 6 0
0.5132365499573015  0 4 0 0 0 1 0 6 0 0 0 0 0 0 0 0 1 0 0 0 8 1 0 0 0 0 0 0 3 10 0 4 0 0 0 0 0 0 0 0 1 0 0 0 4 0 7 0 0 0 2 9 1 0 0 0 25 0 0 3 1 0 0 3 4 4 1 0 3 0 3 0 0 13 0 0 1 0 0 1 0 0 1 0 0 0 0 1 0 0 0 0 0 0 0 0 0 13 3 0 5 1 0 0 0 0 0 3 0 0 0 0 11 0 0 91 0 0 0 0 0 0 3 1 2 2 0 0 0 0 0 2 0
0.508527671423599  4 0 0 0 3 0 0 17 1 0 0 0 0 0 0 0 0 0 0 0 3 0 0 0 16 0 0 0 0 13 0 0 0 0 0 0 0 10 0 0 0 0 0 0 3 0 1 0 0 0 0 0 0 0 0 0 22 0 0 5 0 0 0 0 0 3 5 1 2 0 1 0 0 2 0 3 0 0 0 1 0 0 0 0 0 2 0 0 0 0 0 0 1 0 0 1 0 2 0 0 0 0 1 3 2 0 0 0 5 0 0 58 0 0 0 57 0 0 1 1 2 0 11 0 0 0 0 0 0 0 0 0 1
0.480728051391863  0 0 0 0 0 0 1 2 0 0 0 0 0 0 0 0 3 0 0 0 0 0 0 0 0 0 0 0 0 1 0 0 0 0 0 0 0 0 0 0 0 0 0 0 0 0 0 0 0 0 0 1 0 0 0 0 4 0 0 0 0 0 0 0 0 1 0 0 0 0 0 1 0 1 0 1 0 0 0 0 0 0 0 0 0 1 0 0 0 0 0 0 0 0 0 0 0 0 1 0 0 0 0 0 1 0 0 0 2 0 0 52 2 0 0 59 0 1 0 1 2 0 0 1 0 0 0 0 0 0 0 0 1
0.48533333333333334  10 0 0 0 0 0 0 6 0 0 0 0 0 0 0 0 5 0 0 0 2 0 0 0 0 0 0 1 0 5 0 1 0 0 0 0 0 0 0 0 0 0 0 0 4 0 0 2 0 0 0 10 0 0 0 0 6 3 0 1 0 0 0 0 0 1 2 0 0 0 1 2 0 4 0 0 0 0 0 0 0 1 0 1 0 7 0 0 0 1 0 0 0 0 0 0 0 12 0 0 0 0 0 0 0 0 0 0 0 0 0 0 1 0 0 3 0 0 2 0 0 0 0 0 0 0 0 0 0 0 0 0 0
0.5088161209068011  1 0 0 0 0 0 0 2 0 0 0 0 0 0 0 0 0 0 0 0 0 0 0 0 0 0 0 1 0 3 0 3 0 0 0 0 0 3 0 0 0 0 0 0 0 0 3 0 1 0 0 2 0 0 0 0 2 0 0 10 0 0 0 0 0 0 2 0 0 0 2 0 0 8 0 0 0 0 0 4 0 1 0 0 0 1 0 0 0 0 0 0 0 0 0 1 0 19 0 0 0 0 0 1 0 0 0 0 1 0 0 27 6 0 0 46 1 0 0 0 0 0 0 2 0 0 0 0 0 0 0 0 0
0.4527320034692108  0 0 0 0 0 0 0 0 0 0 0 0 0 0 0 0 0 0 0 0 0 0 0 0 0 0 0 1 0 0 0 0 0 0 0 0 0 0 0 0 0 0 0 0 0 0 0 0 0 0 0 1 0 0 0 0 0 0 0 0 1 0 0 0 0 0 0 0 0 0 0 1 0 0 0 0 0 0 0 0 0 0 0 0 0 0 0 0 0 0 0 0 0 0 0 0 0 0 0 0 0 0 0 0 0 0 0 0 2 0 0 0 1 0 0 38 0 0 0 0 0 0 0 0 0 0 0 0 0 0 0 0 0
0.5101604278074866  0 0 0 0 0 0 0 0 0 0 0 0 0 0 0 0 0 0 0 0 0 0 0 0 0 0 0 0 0 0 0 0 0 0 0 0 0 0 0 0 0 0 0 0 0 0 1 0 0 0 0 0 0 0 0 0 0 0 0 2 0 0 0 0 0 0 0 0 0 0 1 0 0 0 0 0 0 0 0 0 0 0 0 0 0 0 0 0 0 0 0 0 0 0 0 0 0 2 0 0 0 0 0 0 0 0 0 0 0 0 0 1 0 0 0 29 0 0 0 0 1 0 0 0 0 0 0 0 0 0 0 0 0
0.4959150326797386  0 0 0 0 0 0 0 0 0 0 0 0 0 0 0 0 0 0 0 0 0 0 0 0 0 0 0 1 0 0 0 0 0 0 0 0 0 0 0 0 0 0 0 0 0 0 0 0 0 0 0 1 0 0 0 0 0 0 0 0 0 0 0 0 0 0 0 0 0 0 1 0 0 0 0 0 0 0 0 0 0 0 0 0 0 0 0 0 0 0 0 0 0 0 0 0 0 3 0 0 0 0 0 0 0 0 0 0 0 0 0 4 0 0 0 26 0 0 0 1 0 0 0 0 0 0 0 0 0 0 0 1 1
0.55893536121673  0 0 0 0 0 0 0 0 0 0 0 0 0 0 0 0 0 0 0 0 0 0 0 0 0 0 0 0 0 0 0 0 0 0 0 0 0 0 0 0 0 0 0 0 1 0 0 0 0 0 0 0 0 0 0 0 0 0 0 0 0 0 0 0 0 0 0 0 0 0 0 0 0 0 0 0 0 0 0 0 0 0 0 0 0 0 0 0 0 0 0 0 0 0 0 0 0 8 0 0 0 0 0 0 0 0 0 0 0 0 0 2 0 0 0 27 0 0 1 0 0 0 0 0 0 0 0 0 0 0 0 0 0
0.524390243902439  0 2 0 0 1 0 0 0 0 0 1 0 0 0 0 0 1 0 0 0 0 0 0 0 0 0 0 0 1 4 0 1 0 0 0 0 0 0 0 0 0 0 0 1 0 0 10 0 0 0 1 2 0 0 0 2 2 0 0 2 0 0 0 2 0 0 1 0 1 0 13 0 0 1 0 0 0 0 0 2 0 0 1 1 0 4 0 0 0 0 0 0 0 0 0 3 1 3 0 0 0 0 0 0 0 0 0 0 0 0 0 3 2 0 0 52 0 0 0 0 1 0 0 9 0 0 0 0 0 2 0 0 0
0.554635761589404  4 0 0 1 4 1 0 5 0 0 0 0 0 0 0 0 4 0 0 0 12 0 0 0 1 0 0 0 0 15 0 2 0 0 0 0 0 4 1 1 2 0 0 0 4 1 6 1 1 0 2 16 7 1 0 0 20 1 0 19 0 2 0 0 7 4 1 0 0 0 0 0 0 5 0 3 0 0 0 0 0 0 2 1 0 7 0 0 0 0 2 0 0 1 0 2 0 22 2 0 2 4 0 2 1 0 0 0 2 0 0 34 9 0 0 56 0 0 0 1 8 0 5 5 0 0 0 1 0 0 0 0 0
0.5258215962441315  0 0 0 0 0 0 0 0 0 0 0 0 0 0 0 0 0 0 0 0 0 1 0 0 0 0 0 0 0 0 0 0 0 0 0 0 0 0 1 1 0 0 0 0 1 0 3 0 0 0 0 1 0 0 0 0 0 0 0 2 0 0 0 1 0 0 0 0 3 0 0 0 0 1 0 1 0 0 0 0 0 0 1 0 0 0 0 0 0 0 0 0 0 0 0 0 0 15 0 0 0 0 0 0 0 0 0 0 0 0 0 0 1 0 1 25 0 0 0 0 0 0 0 1 0 0 0 0 0 0 0 1 0
0.5056344928956394  1 1 0 0 0 1 0 9 0 0 0 0 0 0 0 0 5 0 0 0 4 1 0 0 0 0 0 0 0 0 0 1 0 3 0 0 0 0 0 0 0 0 0 0 0 0 8 0 0 0 0 14 0 0 0 0 1 0 0 6 0 2 0 0 0 0 0 0 0 0 11 0 0 0 0 0 0 0 0 0 0 0 2 0 0 3 0 0 0 1 0 0 0 0 0 0 0 60 1 0 0 2 0 0 0 0 0 0 0 0 0 61 0 1 0 38 0 0 1 0 2 0 0 0 4 0 0 0 0 0 0 15 0
0.5054788961038961  8 4 0 1 0 0 0 7 0 0 0 0 0 0 0 0 0 0 1 0 1 0 0 0 0 0 0 1 0 6 0 1 0 1 0 0 0 1 1 0 0 0 0 0 1 2 10 0 1 0 1 10 0 1 0 0 4 0 0 10 0 0 0 2 4 1 1 0 2 0 2 0 0 9 0 2 0 0 0 1 0 3 2 0 0 1 0 0 0 0 0 0 0 4 0 5 0 86 0 0 1 1 4 0 0 0 0 0 0 0 0 23 28 3 0 41 0 0 1 1 8 0 1 3 3 0 0 0 0 1 0 1 1
0.5185543723781865  1 0 0 1 0 1 0 0 0 0 0 0 0 0 0 0 0 0 0 0 0 0 0 0 0 0 0 0 0 0 0 0 0 0 0 0 0 0 0 0 0 0 0 0 2 0 5 0 0 0 0 2 0 0 0 0 2 0 0 1 0 0 0 0 0 0 2 0 0 0 0 0 0 4 0 0 0 0 0 0 0 0 0 0 0 0 0 0 0 0 0 0 0 0 0 0 0 2 0 0 0 0 0 0 0 0 0 0 0 0 0 1 0 0 0 23 0 0 1 0 1 0 0 0 0 0 0 1 0 0 0 0 0
0.5235849056603774  0 0 0 0 0 0 0 0 0 0 0 0 0 0 0 0 1 0 0 0 1 0 0 0 0 0 0 0 0 0 0 1 0 0 0 0 0 0 0 0 0 0 0 0 0 0 0 0 0 0 0 0 0 0 0 0 0 0 0 1 0 0 0 0 0 0 0 0 0 0 2 0 0 0 0 0 0 0 0 0 0 0 0 0 0 0 0 0 0 0 0 0 0 0 0 0 0 0 0 0 0 0 0 0 0 0 0 0 0 0 0 0 0 0 0 24 0 0 0 0 0 0 0 0 0 0 0 0 0 0 0 0 0
0.5245857830037414  0 1 0 0 0 0 0 0 1 0 0 0 0 0 0 0 3 0 0 0 2 0 0 0 0 0 0 0 0 2 0 0 0 0 0 0 0 0 0 0 0 0 0 0 0 1 2 0 0 0 0 1 3 0 0 0 0 0 0 6 0 0 0 2 1 0 0 0 0 0 5 0 0 1 0 0 0 0 0 0 0 2 0 0 0 0 0 0 0 0 0 0 0 1 0 0 0 3 0 0 1 1 2 0 0 0 0 0 5 0 0 19 5 0 0 44 0 2 1 5 6 0 0 3 0 0 0 0 0 0 0 4 1
0.5219414893617021  2 0 0 0 0 0 0 3 0 0 0 0 0 0 0 0 1 0 0 0 8 3 1 0 4 0 0 0 0 4 0 0 0 0 0 0 0 0 2 0 0 0 0 0 13 0 4 1 0 0 0 7 0 0 0 0 2 0 0 4 0 2 0 0 0 0 0 0 1 0 5 6 0 1 0 1 0 1 0 2 0 0 0 1 0 0 0 0 1 3 0 0 0 2 0 2 0 17 1 0 0 5 1 0 3 0 0 0 2 0 0 2 4 0 0 32 1 0 1 0 0 0 0 1 0 0 0 0 0 0 0 2 0
0.4946695095948827  15 0 0 2 2 0 0 0 0 0 0 0 0 0 0 0 2 0 0 0 5 0 0 0 13 0 0 0 0 11 1 0 0 5 0 0 0 2 1 0 0 0 0 0 21 0 5 0 0 0 1 1 9 0 0 1 2 3 0 15 0 0 0 0 0 0 2 0 0 0 1 4 0 3 0 1 0 0 0 0 0 1 0 3 0 1 0 0 0 0 0 1 0 2 0 0 0 24 0 0 5 5 0 0 4 0 0 0 0 0 0 1 9 0 0 23 0 0 37 3 0 0 1 0 1 0 0 0 0 0 0 1 0
0.4899548995489955  0 2 0 0 0 0 0 3 0 0 0 0 0 0 0 0 0 0 0 0 0 0 0 0 0 1 0 1 0 0 0 3 0 0 0 0 0 0 0 0 0 0 0 0 0 0 1 0 1 0 0 2 0 0 0 0 0 0 0 0 0 0 0 0 0 0 0 1 0 0 1 0 0 4 0 0 0 0 0 0 0 0 0 0 0 0 0 0 1 1 0 0 0 0 0 0 0 10 1 0 0 0 0 0 0 0 0 0 0 0 0 23 0 0 0 56 0 2 0 0 0 0 0 2 0 0 0 1 0 0 0 0 0
0.5270150575730735  1 1 0 0 0 0 0 2 0 0 0 0 0 0 0 0 1 0 0 0 1 0 0 0 0 0 0 0 0 6 1 0 0 0 1 0 0 0 0 0 1 0 0 0 0 0 2 0 0 0 0 1 0 0 0 0 3 0 0 0 1 3 0 0 5 1 0 0 0 0 9 1 0 6 0 0 0 1 0 0 0 0 0 0 0 0 0 0 0 1 0 0 0 0 0 0 0 14 0 0 1 0 0 0 0 0 0 0 0 0 0 0 0 0 0 43 0 0 0 0 3 0 1 0 0 0 0 0 0 0 0 0 0
0.5099135739705135  0 0 0 0 0 0 0 0 0 0 0 0 0 0 0 0 0 0 0 0 0 0 0 0 0 0 0 0 0 0 0 0 0 0 0 0 0 0 0 1 0 0 0 0 0 0 0 0 0 0 0 0 0 0 0 0 0 0 0 3 0 0 0 0 0 0 0 0 0 0 0 0 0 0 0 0 0 0 0 0 0 0 0 0 0 0 0 0 0 2 0 0 0 0 0 0 0 0 0 0 0 0 0 0 0 0 0 0 0 0 0 1 0 0 0 136 0 0 0 0 0 0 0 0 0 0 0 0 0 0 0 0 0
