0.4946695095948827  15 0 0 2 0 0 0 0 0 0 0 0 0 0 0 0 5 0 0 0 13 0 0 0 11 1 0 0 5 0 0 2 1 0 0 0 0 21 0 0 0 1 9 0 1 2 3 0 15 0 0 0 0 2 0 0 0 1 0 0 0 0 1 0 3 0 1 0 0 0 0 1 0 2 0 0 0 24 5 0 0 4 0 0 0 9 0 0 0 37 0 1 0 1 0 0 0 0
0.5350877192982456  1 0 0 1 0 20 0 0 0 0 0 0 0 0 0 0 4 0 0 0 0 0 0 0 2 0 0 0 1 0 0 1 1 0 0 13 0 5 0 0 0 0 0 0 4 19 1 0 7 6 0 0 0 3 0 0 0 0 0 0 5 0 5 1 0 1 5 0 0 0 0 0 0 0 0 3 0 20 0 1 0 0 0 0 0 87 0 0 0 17 2 0 2 0 1 0 0 0
0.5235975066785397  0 8 0 5 1 1 0 0 0 0 0 0 0 0 0 0 4 0 1 0 0 0 0 0 9 0 1 0 2 0 0 1 0 0 0 12 0 17 0 0 0 5 0 0 0 5 0 0 7 0 0 2 1 4 0 6 0 2 0 0 8 0 3 0 0 0 0 0 0 0 0 0 0 1 0 3 0 41 1 1 0 0 0 0 0 8 0 0 1 3 1 0 1 1 1 0 0 2
0.509656652360515  1 4 0 0 0 11 0 0 0 0 0 0 0 1 0 0 3 0 0 0 0 0 0 0 3 0 9 0 0 0 0 0 1 0 0 0 0 0 1 0 0 1 1 0 0 5 1 0 19 4 0 6 1 4 0 2 0 0 0 0 2 0 0 1 1 6 2 0 0 0 0 0 0 0 0 4 0 89 0 1 0 0 4 0 0 0 0 1 0 0 8 0 1 2 0 0 0 0
0.5366518922604842  0 7 0 1 2 16 1 0 0 0 0 0 0 0 0 0 2 15 0 0 2 0 0 1 55 0 24 1 0 0 1 2 0 1 0 0 0 4 2 0 0 2 0 0 0 19 0 0 34 0 0 5 3 3 1 4 0 1 1 0 3 0 4 0 2 0 6 0 0 0 0 0 0 7 0 4 1 27 0 1 1 4 0 0 0 20 0 0 0 0 4 2 1 1 1 0 0 0
0.5046082949308756  0 0 0 1 1 0 0 0 0 1 0 0 0 0 0 0 6 0 0 0 0 0 0 0 0 0 0 0 0 0 0 0 0 0 0 0 0 1 0 0 0 0 0 0 1 1 1 0 14 1 0 1 0 2 0 2 0 0 0 0 1 0 1 0 0 1 1 0 0 0 0 0 0 0 0 3 0 58 2 0 0 0 0 0 0 1 0 0 0 5 12 0 16 2 0 0 0 0
0.4733994589720469  5 0 2 0 0 3 0 0 1 0 0 0 0 0 0 0 3 1 0 0 0 0 0 0 0 0 0 0 0 0 0 4 0 0 0 0 0 4 0 0 0 0 0 0 0 1 0 0 29 2 0 0 0 0 0 0 0 0 0 0 0 0 0 3 0 0 0 0 3 0 0 0 0 0 0 4 0 46 0 0 0 0 0 55 0 33 0 0 0 0 6 0 0 0 0 0 0 0
0.4917075449661294  0 0 0 0 0 0 0 0 0 0 0 0 2 1 0 0 2 0 0 0 0 0 0 0 6 0 0 0 0 0 0 1 0 0 0 0 0 2 0 0 0 0 0 0 0 25 0 0 6 0 0 0 0 0 0 0 0 0 0 0 0 0 5 0 1 0 3 0 0 0 0 0 0 3 0 0 0 81 0 0 0 0 0 1 0 4 0 0 0 0 0 0 2 0 0 0 0 0
0.5200374531835206  4 15 1 0 0 35 0 0 0 1 0 2 0 0 2 0 4 0 0 0 0 0 0 0 34 0 1 0 1 0 0 9 0 0 0 0 0 0 1 2 0 3 1 0 0 20 3 0 18 0 0 1 3 3 0 0 0 0 0 1 2 0 1 0 3 0 2 0 1 0 0 1 0 3 0 9 0 3 2 3 2 0 0 3 0 135 1 1 0 0 9 0 2 1 2 0 0 0
0.5197177251971773  48 47 5 8 6 281 6 1 1 0 0 5 0 0 0 4 7 2 0 0 3 1 0 3 348 0 39 0 2 0 2 1 3 3 0 11 0 8 0 0 10 9 0 15 8 168 22 0 126 4 0 39 27 16 0 23 6 0 0 54 11 5 15 3 2 2 11 0 2 0 1 0 14 20 0 10 2 63 24 6 5 0 1 20 0 152 27 0 44 14 9 2 19 2 29 1 0 0
0.5186023940472339  14 4 0 13 5 8 0 0 0 0 0 0 0 0 0 0 5 0 1 0 1 0 0 0 7 0 3 0 1 0 0 10 0 0 0 0 0 7 10 1 0 1 0 0 0 0 3 0 41 0 0 3 3 3 0 1 0 19 4 0 1 0 9 0 4 0 10 0 0 0 6 0 0 2 0 0 0 42 6 0 0 1 15 0 0 34 0 0 0 14 9 2 10 0 1 0 0 0
0.5266244790862787  0 1 0 0 0 0 0 0 1 0 0 0 0 0 0 0 0 1 0 0 0 0 0 0 1 0 0 0 0 0 0 0 0 0 0 0 0 1 0 0 0 0 0 0 0 0 1 0 8 0 2 0 0 0 0 0 0 1 3 0 0 0 0 0 0 0 1 0 0 0 0 0 0 0 0 0 0 86 0 1 0 0 0 0 0 0 0 0 0 0 1 0 2 0 0 0 0 0
0.4996243425995492  7 11 1 2 0 20 0 0 0 0 0 0 1 0 0 0 4 3 0 0 0 1 0 0 17 0 3 0 1 0 0 8 6 2 0 0 0 21 0 3 0 4 0 0 0 11 2 0 18 1 0 6 0 5 0 2 0 2 2 0 3 0 2 3 0 1 4 0 0 0 0 0 1 2 0 5 0 47 0 2 2 1 0 0 0 4 1 1 1 1 1 4 0 2 4 0 0 0
0.5239242685025818  0 6 0 1 0 6 0 1 0 0 0 0 0 0 0 0 1 0 0 0 0 0 0 0 4 0 0 0 0 0 0 4 1 0 0 0 0 3 0 0 2 0 0 0 0 3 0 0 8 0 0 1 3 1 0 2 0 1 0 1 0 0 4 8 1 0 1 0 0 0 0 0 0 0 0 0 0 67 0 0 0 0 0 0 0 1 0 0 0 2 1 0 3 0 0 0 1 0
0.4479166666666667  1 0 0 5 0 37 0 0 0 0 0 0 0 0 0 0 2 0 0 0 1 0 0 0 39 0 0 0 0 0 0 1 0 0 0 0 0 22 0 0 0 0 0 0 0 19 0 0 31 0 0 0 0 16 0 0 0 0 0 0 2 0 1 0 0 0 6 0 0 0 0 0 0 2 0 2 0 28 0 0 2 3 0 0 0 16 0 0 0 0 0 0 1 0 0 0 0 0
0.5276663993584603  1 8 0 0 0 13 0 0 1 0 0 0 0 0 0 0 4 0 1 0 0 0 0 0 18 0 11 0 1 0 0 3 1 0 0 0 0 10 1 5 0 2 0 0 1 11 5 0 238 5 1 7 1 2 0 3 0 0 0 0 4 0 8 9 3 3 2 0 0 0 0 0 0 5 0 7 0 129 0 4 3 0 0 0 0 5 1 0 0 0 16 3 71 1 2 0 0 0
0.5160468670402445  3 157 0 1 0 82 0 0 0 0 0 0 0 0 6 2 3 9 0 0 0 0 0 1 40 0 32 0 6 0 0 85 3 0 0 0 0 24 0 3 2 1 0 0 13 118 3 0 35 4 0 24 35 14 0 2 0 1 0 6 11 0 18 1 6 5 4 0 0 13 0 0 0 15 0 27 0 42 20 14 14 2 0 22 0 70 0 0 9 5 72 0 16 7 1 0 0 0
0.40097799511002447  7 0 0 0 0 9 0 0 0 0 0 0 0 0 0 0 16 1 0 0 0 0 0 0 4 0 0 0 1 0 0 0 0 0 0 0 0 27 0 0 0 0 0 0 0 0 1 0 7 6 2 3 0 5 0 0 0 0 0 0 0 0 0 0 4 0 0 0 0 0 0 0 0 0 0 0 0 179 2 0 0 0 0 0 0 22 0 0 0 9 0 0 4 0 0 0 0 0
0.5285714285714286  0 1 0 0 0 6 0 0 0 0 0 0 0 0 0 0 3 0 0 0 0 0 0 0 7 0 0 0 0 0 0 0 0 0 0 0 0 8 0 0 0 1 0 0 2 2 2 0 22 0 0 0 0 0 0 0 0 0 0 0 1 0 1 0 0 0 0 0 0 0 0 0 0 0 0 3 0 22 2 0 0 0 0 0 0 70 0 0 0 0 3 0 9 0 0 0 0 0
0.6015037593984962  1 1 0 4 0 40 0 0 0 0 0 0 0 0 0 0 6 0 4 0 0 0 0 0 21 0 1 0 0 0 0 4 0 0 0 0 0 1 0 1 1 0 0 0 0 8 0 0 86 0 1 0 0 7 0 0 0 0 0 0 6 0 2 16 6 2 0 0 0 0 0 0 0 4 0 3 0 16 0 0 0 0 0 0 0 1 0 0 0 3 41 0 2 3 0 0 0 0
0.5127572016460905  5 2 0 0 0 0 0 0 0 0 0 0 0 0 0 0 0 5 0 0 0 0 0 0 2 0 0 0 0 0 0 0 0 0 0 0 0 28 0 0 0 0 0 0 0 0 0 0 0 0 0 0 0 0 0 0 0 0 0 0 0 0 0 0 0 0 0 0 1 0 0 0 0 0 0 0 0 57 0 0 0 0 0 2 0 10 0 0 0 0 4 0 0 0 0 0 0 0
0.5391156462585034  1 2 0 0 0 0 0 0 0 0 0 0 0 0 0 0 1 4 0 0 0 0 0 0 0 0 0 0 0 0 0 0 0 0 0 0 0 1 0 0 0 0 0 0 0 1 0 0 28 0 0 0 0 0 0 0 0 3 0 0 0 0 0 0 0 0 1 0 3 0 0 0 0 0 0 0 0 58 0 1 0 2 0 3 0 5 0 0 0 0 0 0 1 0 0 0 0 0
0.5054788961038961  8 4 0 0 0 7 0 0 0 0 0 0 0 0 0 1 1 0 0 0 0 0 0 0 6 0 1 0 1 0 0 1 1 0 0 0 0 1 2 0 0 1 0 0 0 4 0 0 10 0 0 2 1 1 0 2 0 2 0 0 1 0 3 2 0 0 1 0 0 0 0 0 0 4 0 5 0 86 1 4 0 0 0 0 0 28 3 0 0 1 8 1 3 3 0 0 1 0
0.4009433962264151  12 2 0 0 0 2 0 0 0 0 0 0 0 0 0 0 0 0 0 0 0 0 0 0 2 0 0 0 0 0 0 0 0 0 0 0 0 0 0 0 0 0 2 0 0 0 0 0 1 0 0 0 3 0 0 0 0 0 0 0 0 0 0 0 0 0 0 0 0 0 0 0 0 0 0 0 0 1 0 0 0 0 0 0 0 0 0 0 0 0 0 0 1 0 1 0 0 0
0.5044271532063321  4 8 0 1 1 18 0 0 0 0 0 0 0 0 0 1 0 6 0 0 7 0 0 0 8 1 1 0 0 0 0 4 3 1 0 0 0 1 0 1 0 0 0 0 0 4 0 0 23 0 0 2 0 1 0 0 0 0 0 2 2 0 3 0 0 1 1 0 0 0 0 0 0 0 0 4 0 10 0 0 0 0 0 0 0 22 1 0 2 0 7 7 0 3 0 0 0 0
0.4733994589720469  5 0 2 0 0 3 0 0 1 0 0 0 0 0 0 0 3 1 0 0 0 0 0 0 0 0 0 0 0 0 0 4 0 0 0 0 0 4 0 0 0 0 0 0 0 1 0 0 29 2 0 0 0 0 0 0 0 0 0 0 0 0 0 3 0 0 0 0 3 0 0 0 0 0 0 4 0 46 0 0 0 0 0 55 0 33 0 0 0 0 6 0 0 0 0 0 0 0
0.5200374531835206  4 15 1 0 0 35 0 0 0 1 0 2 0 0 2 0 4 0 0 0 0 0 0 0 34 0 1 0 1 0 0 9 0 0 0 0 0 0 1 2 0 3 1 0 0 20 3 0 18 0 0 1 3 3 0 0 0 0 0 1 2 0 1 0 3 0 2 0 1 0 0 1 0 3 0 9 0 3 2 3 2 0 0 3 0 135 1 1 0 0 9 0 2 1 2 0 0 0
0.5075669383003493  1 9 0 1 0 17 0 0 0 0 0 0 1 0 0 2 8 0 0 0 1 0 0 0 37 0 1 0 0 0 0 0 1 1 0 0 0 3 2 1 1 1 24 0 1 14 0 0 10 0 1 0 5 7 0 0 0 0 0 4 0 0 0 0 2 1 1 0 0 3 0 0 0 1 0 6 0 16 0 3 2 0 0 0 0 6 1 0 2 0 12 0 2 1 0 0 0 0
0.520952380952381  0 27 0 0 0 3 0 0 2 1 0 0 0 0 0 1 1 3 2 0 0 0 0 0 0 0 5 0 0 0 0 1 0 0 3 0 0 1 0 0 0 0 0 0 5 13 6 0 20 1 0 0 1 2 0 0 0 1 0 0 3 0 1 0 2 1 1 0 0 0 1 0 0 2 0 3 0 28 0 0 0 1 0 0 0 20 0 0 1 0 4 1 6 0 6 0 0 0
0.5450418994413407  5 1 0 0 0 2 2 0 0 0 0 0 0 0 0 0 5 0 0 0 0 0 0 0 9 0 0 1 1 0 0 0 0 1 0 0 0 13 0 1 0 0 0 0 2 9 1 0 1 0 0 4 4 0 0 0 0 0 0 0 2 0 6 3 1 8 0 0 0 0 0 2 0 2 0 3 0 30 1 0 1 0 0 0 0 12 0 0 0 2 3 0 4 1 2 0 0 0
0.5078325263457705  3 7 1 0 0 4 0 0 0 0 0 0 0 0 0 0 4 0 0 0 0 0 0 0 1 0 0 0 0 0 0 1 0 0 0 0 0 13 0 0 0 0 4 0 0 3 0 0 12 0 0 1 1 4 0 0 0 0 0 1 0 0 2 0 0 0 1 0 3 0 0 0 0 0 0 0 0 21 10 1 0 0 0 4 0 11 0 0 0 0 2 0 4 1 5 0 0 0
0.5379803395889187  1 12 0 1 0 14 0 0 0 3 0 0 0 0 0 2 3 1 0 0 0 0 1 0 13 0 5 0 0 0 0 1 0 2 2 0 0 3 1 1 0 1 2 0 2 8 2 0 22 0 0 5 1 0 0 2 1 1 0 0 2 0 1 0 1 0 1 0 0 2 0 0 0 1 0 4 0 29 1 0 0 1 0 0 0 13 0 0 0 2 7 1 8 0 0 3 1 0
0.5197177251971773  48 47 5 8 6 281 6 1 1 0 0 5 0 0 0 4 7 2 0 0 3 1 0 3 348 0 39 0 2 0 2 1 3 3 0 11 0 8 0 0 10 9 0 15 8 168 22 0 126 4 0 39 27 16 0 23 6 0 0 54 11 5 15 3 2 2 11 0 2 0 1 0 14 20 0 10 2 63 24 6 5 0 1 20 0 152 27 0 44 14 9 2 19 2 29 1 0 0
0.5186023940472339  14 4 0 13 5 8 0 0 0 0 0 0 0 0 0 0 5 0 1 0 1 0 0 0 7 0 3 0 1 0 0 10 0 0 0 0 0 7 10 1 0 1 0 0 0 0 3 0 41 0 0 3 3 3 0 1 0 19 4 0 1 0 9 0 4 0 10 0 0 0 6 0 0 2 0 0 0 42 6 0 0 1 15 0 0 34 0 0 0 14 9 2 10 0 1 0 0 0
0.49760306807286675  6 3 0 0 3 2 0 0 0 0 0 0 0 0 0 0 1 0 3 0 0 0 0 0 12 0 4 0 0 0 0 0 0 0 0 0 0 0 0 0 0 0 0 0 0 1 0 0 10 0 0 0 1 0 0 0 0 0 0 0 2 0 0 2 0 1 0 0 0 0 0 0 0 1 0 7 0 15 0 1 0 0 0 0 0 5 0 0 0 0 2 0 9 0 0 0 0 0
0.5173961840628507  10 3 0 0 0 9 0 0 0 1 0 0 0 0 0 0 4 0 0 0 0 0 0 0 6 0 0 0 0 0 0 0 0 0 0 0 0 0 0 0 0 0 0 0 0 4 0 0 2 0 0 0 0 2 0 0 0 0 0 0 2 0 0 4 0 0 0 0 0 0 0 0 0 0 0 10 0 7 0 0 0 0 0 0 0 1 0 0 0 0 2 0 0 0 3 0 0 0
0.4996243425995492  7 11 1 2 0 20 0 0 0 0 0 0 1 0 0 0 4 3 0 0 0 1 0 0 17 0 3 0 1 0 0 8 6 2 0 0 0 21 0 3 0 4 0 0 0 11 2 0 18 1 0 6 0 5 0 2 0 2 2 0 3 0 2 3 0 1 4 0 0 0 0 0 1 2 0 5 0 47 0 2 2 1 0 0 0 4 1 1 1 1 1 4 0 2 4 0 0 0
0.4479166666666667  1 0 0 5 0 37 0 0 0 0 0 0 0 0 0 0 2 0 0 0 1 0 0 0 39 0 0 0 0 0 0 1 0 0 0 0 0 22 0 0 0 0 0 0 0 19 0 0 31 0 0 0 0 16 0 0 0 0 0 0 2 0 1 0 0 0 6 0 0 0 0 0 0 2 0 2 0 28 0 0 2 3 0 0 0 16 0 0 0 0 0 0 1 0 0 0 0 0
0.5276663993584603  1 8 0 0 0 13 0 0 1 0 0 0 0 0 0 0 4 0 1 0 0 0 0 0 18 0 11 0 1 0 0 3 1 0 0 0 0 10 1 5 0 2 0 0 1 11 5 0 238 5 1 7 1 2 0 3 0 0 0 0 4 0 8 9 3 3 2 0 0 0 0 0 0 5 0 7 0 129 0 4 3 0 0 0 0 5 1 0 0 0 16 3 71 1 2 0 0 0
0.5160468670402445  3 157 0 1 0 82 0 0 0 0 0 0 0 0 6 2 3 9 0 0 0 0 0 1 40 0 32 0 6 0 0 85 3 0 0 0 0 24 0 3 2 1 0 0 13 118 3 0 35 4 0 24 35 14 0 2 0 1 0 6 11 0 18 1 6 5 4 0 0 13 0 0 0 15 0 27 0 42 20 14 14 2 0 22 0 70 0 0 9 5 72 0 16 7 1 0 0 0
0.40097799511002447  7 0 0 0 0 9 0 0 0 0 0 0 0 0 0 0 16 1 0 0 0 0 0 0 4 0 0 0 1 0 0 0 0 0 0 0 0 27 0 0 0 0 0 0 0 0 1 0 7 6 2 3 0 5 0 0 0 0 0 0 0 0 0 0 4 0 0 0 0 0 0 0 0 0 0 0 0 179 2 0 0 0 0 0 0 22 0 0 0 9 0 0 4 0 0 0 0 0
0.511238431026884  15 2 0 0 3 12 0 0 0 0 0 0 0 0 0 0 3 0 0 0 15 0 0 0 5 0 0 0 0 0 0 2 0 0 0 0 0 6 2 0 0 0 0 0 0 3 0 0 12 0 0 0 0 1 0 0 0 0 1 0 1 0 7 5 1 1 0 0 0 0 0 0 0 2 0 1 0 9 9 0 0 0 0 0 0 1 0 0 0 0 6 0 1 4 0 0 0 0
0.6015037593984962  1 1 0 4 0 40 0 0 0 0 0 0 0 0 0 0 6 0 4 0 0 0 0 0 21 0 1 0 0 0 0 4 0 0 0 0 0 1 0 1 1 0 0 0 0 8 0 0 86 0 1 0 0 7 0 0 0 0 0 0 6 0 2 16 6 2 0 0 0 0 0 0 0 4 0 3 0 16 0 0 0 0 0 0 0 1 0 0 0 3 41 0 2 3 0 0 0 0
0.508527671423599  4 0 0 3 0 17 1 0 0 0 0 0 0 0 0 0 3 0 0 0 16 0 0 0 13 0 0 0 0 0 0 10 0 0 0 0 0 3 0 0 0 0 0 0 0 22 0 0 5 0 0 0 3 5 1 2 0 3 0 0 1 0 0 0 0 0 2 0 0 0 0 0 1 0 0 1 0 2 0 1 3 2 0 0 0 0 0 0 0 1 2 11 0 0 0 0 0 0
0.48533333333333334  10 0 0 0 0 6 0 0 0 0 0 0 0 0 0 0 2 0 0 0 0 0 0 0 5 0 1 0 0 0 0 0 0 0 0 0 0 4 0 2 0 0 0 0 0 6 3 0 1 0 0 0 1 2 0 0 0 0 0 0 0 0 1 0 1 0 7 0 0 0 0 0 0 0 0 0 0 12 0 0 0 0 0 0 0 1 0 0 0 2 0 0 0 0 0 0 0 0
0.554635761589404  4 0 0 4 1 5 0 0 0 0 0 0 0 0 0 0 12 0 0 0 1 0 0 0 15 0 2 0 0 0 0 4 1 1 2 0 0 4 1 1 0 2 7 0 0 20 1 0 19 2 0 0 4 1 0 0 0 3 0 0 0 0 0 2 1 0 7 0 0 0 2 0 0 1 0 2 0 22 4 0 2 1 0 0 0 9 0 0 0 0 8 5 5 0 1 0 0 0
0.5054788961038961  8 4 0 0 0 7 0 0 0 0 0 0 0 0 0 1 1 0 0 0 0 0 0 0 6 0 1 0 1 0 0 1 1 0 0 0 0 1 2 0 0 1 0 0 0 4 0 0 10 0 0 2 1 1 0 2 0 2 0 0 1 0 3 2 0 0 1 0 0 0 0 0 0 4 0 5 0 86 1 4 0 0 0 0 0 28 3 0 0 1 8 1 3 3 0 0 1 0
0.4946695095948827  15 0 0 2 0 0 0 0 0 0 0 0 0 0 0 0 5 0 0 0 13 0 0 0 11 1 0 0 5 0 0 2 1 0 0 0 0 21 0 0 0 1 9 0 1 2 3 0 15 0 0 0 0 2 0 0 0 1 0 0 0 0 1 0 3 0 1 0 0 0 0 1 0 2 0 0 0 24 5 0 0 4 0 0 0 9 0 0 0 37 0 1 0 1 0 0 0 0
0.4009433962264151  12 2 0 0 0 2 0 0 0 0 0 0 0 0 0 0 0 0 0 0 0 0 0 0 2 0 0 0 0 0 0 0 0 0 0 0 0 0 0 0 0 0 2 0 0 0 0 0 1 0 0 0 3 0 0 0 0 0 0 0 0 0 0 0 0 0 0 0 0 0 0 0 0 0 0 0 0 1 0 0 0 0 0 0 0 0 0 0 0 0 0 0 1 0 1 0 0 0
0.5044271532063321  4 8 0 1 1 18 0 0 0 0 0 0 0 0 0 1 0 6 0 0 7 0 0 0 8 1 1 0 0 0 0 4 3 1 0 0 0 1 0 1 0 0 0 0 0 4 0 0 23 0 0 2 0 1 0 0 0 0 0 2 2 0 3 0 0 1 1 0 0 0 0 0 0 0 0 4 0 10 0 0 0 0 0 0 0 22 1 0 2 0 7 7 0 3 0 0 0 0
0.4733994589720469  5 0 2 0 0 3 0 0 1 0 0 0 0 0 0 0 3 1 0 0 0 0 0 0 0 0 0 0 0 0 0 4 0 0 0 0 0 4 0 0 0 0 0 0 0 1 0 0 29 2 0 0 0 0 0 0 0 0 0 0 0 0 0 3 0 0 0 0 3 0 0 0 0 0 0 4 0 46 0 0 0 0 0 55 0 33 0 0 0 0 6 0 0 0 0 0 0 0
0.5200374531835206  4 15 1 0 0 35 0 0 0 1 0 2 0 0 2 0 4 0 0 0 0 0 0 0 34 0 1 0 1 0 0 9 0 0 0 0 0 0 1 2 0 3 1 0 0 20 3 0 18 0 0 1 3 3 0 0 0 0 0 1 2 0 1 0 3 0 2 0 1 0 0 1 0 3 0 9 0 3 2 3 2 0 0 3 0 135 1 1 0 0 9 0 2 1 2 0 0 0
0.5075669383003493  1 9 0 1 0 17 0 0 0 0 0 0 1 0 0 2 8 0 0 0 1 0 0 0 37 0 1 0 0 0 0 0 1 1 0 0 0 3 2 1 1 1 24 0 1 14 0 0 10 0 1 0 5 7 0 0 0 0 0 4 0 0 0 0 2 1 1 0 0 3 0 0 0 1 0 6 0 16 0 3 2 0 0 0 0 6 1 0 2 0 12 0 2 1 0 0 0 0
0.520952380952381  0 27 0 0 0 3 0 0 2 1 0 0 0 0 0 1 1 3 2 0 0 0 0 0 0 0 5 0 0 0 0 1 0 0 3 0 0 1 0 0 0 0 0 0 5 13 6 0 20 1 0 0 1 2 0 0 0 1 0 0 3 0 1 0 2 1 1 0 0 0 1 0 0 2 0 3 0 28 0 0 0 1 0 0 0 20 0 0 1 0 4 1 6 0 6 0 0 0
0.5450418994413407  5 1 0 0 0 2 2 0 0 0 0 0 0 0 0 0 5 0 0 0 0 0 0 0 9 0 0 1 1 0 0 0 0 1 0 0 0 13 0 1 0 0 0 0 2 9 1 0 1 0 0 4 4 0 0 0 0 0 0 0 2 0 6 3 1 8 0 0 0 0 0 2 0 2 0 3 0 30 1 0 1 0 0 0 0 12 0 0 0 2 3 0 4 1 2 0 0 0
0.5078325263457705  3 7 1 0 0 4 0 0 0 0 0 0 0 0 0 0 4 0 0 0 0 0 0 0 1 0 0 0 0 0 0 1 0 0 0 0 0 13 0 0 0 0 4 0 0 3 0 0 12 0 0 1 1 4 0 0 0 0 0 1 0 0 2 0 0 0 1 0 3 0 0 0 0 0 0 0 0 21 10 1 0 0 0 4 0 11 0 0 0 0 2 0 4 1 5 0 0 0
0.5379803395889187  1 12 0 1 0 14 0 0 0 3 0 0 0 0 0 2 3 1 0 0 0 0 1 0 13 0 5 0 0 0 0 1 0 2 2 0 0 3 1 1 0 1 2 0 2 8 2 0 22 0 0 5 1 0 0 2 1 1 0 0 2 0 1 0 1 0 1 0 0 2 0 0 0 1 0 4 0 29 1 0 0 1 0 0 0 13 0 0 0 2 7 1 8 0 0 3 1 0
0.5197177251971773  48 47 5 8 6 281 6 1 1 0 0 5 0 0 0 4 7 2 0 0 3 1 0 3 348 0 39 0 2 0 2 1 3 3 0 11 0 8 0 0 10 9 0 15 8 168 22 0 126 4 0 39 27 16 0 23 6 0 0 54 11 5 15 3 2 2 11 0 2 0 1 0 14 20 0 10 2 63 24 6 5 0 1 20 0 152 27 0 44 14 9 2 19 2 29 1 0 0
0.5186023940472339  14 4 0 13 5 8 0 0 0 0 0 0 0 0 0 0 5 0 1 0 1 0 0 0 7 0 3 0 1 0 0 10 0 0 0 0 0 7 10 1 0 1 0 0 0 0 3 0 41 0 0 3 3 3 0 1 0 19 4 0 1 0 9 0 4 0 10 0 0 0 6 0 0 2 0 0 0 42 6 0 0 1 15 0 0 34 0 0 0 14 9 2 10 0 1 0 0 0
0.49760306807286675  6 3 0 0 3 2 0 0 0 0 0 0 0 0 0 0 1 0 3 0 0 0 0 0 12 0 4 0 0 0 0 0 0 0 0 0 0 0 0 0 0 0 0 0 0 1 0 0 10 0 0 0 1 0 0 0 0 0 0 0 2 0 0 2 0 1 0 0 0 0 0 0 0 1 0 7 0 15 0 1 0 0 0 0 0 5 0 0 0 0 2 0 9 0 0 0 0 0
0.5173961840628507  10 3 0 0 0 9 0 0 0 1 0 0 0 0 0 0 4 0 0 0 0 0 0 0 6 0 0 0 0 0 0 0 0 0 0 0 0 0 0 0 0 0 0 0 0 4 0 0 2 0 0 0 0 2 0 0 0 0 0 0 2 0 0 4 0 0 0 0 0 0 0 0 0 0 0 10 0 7 0 0 0 0 0 0 0 1 0 0 0 0 2 0 0 0 3 0 0 0
0.4996243425995492  7 11 1 2 0 20 0 0 0 0 0 0 1 0 0 0 4 3 0 0 0 1 0 0 17 0 3 0 1 0 0 8 6 2 0 0 0 21 0 3 0 4 0 0 0 11 2 0 18 1 0 6 0 5 0 2 0 2 2 0 3 0 2 3 0 1 4 0 0 0 0 0 1 2 0 5 0 47 0 2 2 1 0 0 0 4 1 1 1 1 1 4 0 2 4 0 0 0
0.4479166666666667  1 0 0 5 0 37 0 0 0 0 0 0 0 0 0 0 2 0 0 0 1 0 0 0 39 0 0 0 0 0 0 1 0 0 0 0 0 22 0 0 0 0 0 0 0 19 0 0 31 0 0 0 0 16 0 0 0 0 0 0 2 0 1 0 0 0 6 0 0 0 0 0 0 2 0 2 0 28 0 0 2 3 0 0 0 16 0 0 0 0 0 0 1 0 0 0 0 0
0.5276663993584603  1 8 0 0 0 13 0 0 1 0 0 0 0 0 0 0 4 0 1 0 0 0 0 0 18 0 11 0 1 0 0 3 1 0 0 0 0 10 1 5 0 2 0 0 1 11 5 0 238 5 1 7 1 2 0 3 0 0 0 0 4 0 8 9 3 3 2 0 0 0 0 0 0 5 0 7 0 129 0 4 3 0 0 0 0 5 1 0 0 0 16 3 71 1 2 0 0 0
0.5160468670402445  3 157 0 1 0 82 0 0 0 0 0 0 0 0 6 2 3 9 0 0 0 0 0 1 40 0 32 0 6 0 0 85 3 0 0 0 0 24 0 3 2 1 0 0 13 118 3 0 35 4 0 24 35 14 0 2 0 1 0 6 11 0 18 1 6 5 4 0 0 13 0 0 0 15 0 27 0 42 20 14 14 2 0 22 0 70 0 0 9 5 72 0 16 7 1 0 0 0
0.40097799511002447  7 0 0 0 0 9 0 0 0 0 0 0 0 0 0 0 16 1 0 0 0 0 0 0 4 0 0 0 1 0 0 0 0 0 0 0 0 27 0 0 0 0 0 0 0 0 1 0 7 6 2 3 0 5 0 0 0 0 0 0 0 0 0 0 4 0 0 0 0 0 0 0 0 0 0 0 0 179 2 0 0 0 0 0 0 22 0 0 0 9 0 0 4 0 0 0 0 0
0.511238431026884  15 2 0 0 3 12 0 0 0 0 0 0 0 0 0 0 3 0 0 0 15 0 0 0 5 0 0 0 0 0 0 2 0 0 0 0 0 6 2 0 0 0 0 0 0 3 0 0 12 0 0 0 0 1 0 0 0 0 1 0 1 0 7 5 1 1 0 0 0 0 0 0 0 2 0 1 0 9 9 0 0 0 0 0 0 1 0 0 0 0 6 0 1 4 0 0 0 0
0.6015037593984962  1 1 0 4 0 40 0 0 0 0 0 0 0 0 0 0 6 0 4 0 0 0 0 0 21 0 1 0 0 0 0 4 0 0 0 0 0 1 0 1 1 0 0 0 0 8 0 0 86 0 1 0 0 7 0 0 0 0 0 0 6 0 2 16 6 2 0 0 0 0 0 0 0 4 0 3 0 16 0 0 0 0 0 0 0 1 0 0 0 3 41 0 2 3 0 0 0 0
0.508527671423599  4 0 0 3 0 17 1 0 0 0 0 0 0 0 0 0 3 0 0 0 16 0 0 0 13 0 0 0 0 0 0 10 0 0 0 0 0 3 0 0 0 0 0 0 0 22 0 0 5 0 0 0 3 5 1 2 0 3 0 0 1 0 0 0 0 0 2 0 0 0 0 0 1 0 0 1 0 2 0 1 3 2 0 0 0 0 0 0 0 1 2 11 0 0 0 0 0 0
0.48533333333333334  10 0 0 0 0 6 0 0 0 0 0 0 0 0 0 0 2 0 0 0 0 0 0 0 5 0 1 0 0 0 0 0 0 0 0 0 0 4 0 2 0 0 0 0 0 6 3 0 1 0 0 0 1 2 0 0 0 0 0 0 0 0 1 0 1 0 7 0 0 0 0 0 0 0 0 0 0 12 0 0 0 0 0 0 0 1 0 0 0 2 0 0 0 0 0 0 0 0
0.554635761589404  4 0 0 4 1 5 0 0 0 0 0 0 0 0 0 0 12 0 0 0 1 0 0 0 15 0 2 0 0 0 0 4 1 1 2 0 0 4 1 1 0 2 7 0 0 20 1 0 19 2 0 0 4 1 0 0 0 3 0 0 0 0 0 2 1 0 7 0 0 0 2 0 0 1 0 2 0 22 4 0 2 1 0 0 0 9 0 0 0 0 8 5 5 0 1 0 0 0
0.5054788961038961  8 4 0 0 0 7 0 0 0 0 0 0 0 0 0 1 1 0 0 0 0 0 0 0 6 0 1 0 1 0 0 1 1 0 0 0 0 1 2 0 0 1 0 0 0 4 0 0 10 0 0 2 1 1 0 2 0 2 0 0 1 0 3 2 0 0 1 0 0 0 0 0 0 4 0 5 0 86 1 4 0 0 0 0 0 28 3 0 0 1 8 1 3 3 0 0 1 0
0.4946695095948827  15 0 0 2 0 0 0 0 0 0 0 0 0 0 0 0 5 0 0 0 13 0 0 0 11 1 0 0 5 0 0 2 1 0 0 0 0 21 0 0 0 1 9 0 1 2 3 0 15 0 0 0 0 2 0 0 0 1 0 0 0 0 1 0 3 0 1 0 0 0 0 1 0 2 0 0 0 24 5 0 0 4 0 0 0 9 0 0 0 37 0 1 0 1 0 0 0 0
0.5046728971962616  0 0 0 0 0 0 0 0 0 0 0 0 0 0 0 0 0 0 0 0 0 0 0 0 3 0 0 0 0 0 0 0 0 0 0 0 0 0 0 1 0 0 0 0 0 0 0 0 0 0 0 0 0 0 0 0 0 0 0 0 0 0 0 0 0 0 0 0 0 0 0 0 0 0 0 0 0 0 0 0 0 0 0 0 0 0 0 0 0 0 0 0 1 0 0 0 0 0
0.5173240938166311  0 5 0 2 0 10 1 0 0 0 0 1 0 0 0 0 4 0 0 0 0 0 0 1 9 0 1 0 0 0 0 2 4 1 0 0 0 0 0 0 0 0 0 0 2 6 1 0 10 0 0 3 1 2 0 0 0 0 0 0 0 0 0 0 3 1 3 0 0 3 0 0 0 0 0 6 1 7 1 0 0 0 0 2 0 16 0 0 3 0 1 0 7 0 3 0 0 0
0.5059186824498199  0 0 0 0 0 3 0 0 0 0 0 0 0 0 0 0 0 0 0 0 0 0 0 0 6 0 0 0 0 0 0 4 0 0 0 0 0 2 0 0 0 0 0 0 0 4 0 0 1 0 0 0 0 0 0 0 0 0 0 0 0 0 4 0 0 0 0 0 0 0 0 1 0 0 0 1 0 5 0 0 0 0 0 0 0 0 2 0 0 0 0 0 0 0 0 0 0 0
0.5461943513642892  0 7 0 0 0 0 0 0 0 0 0 0 0 0 0 1 4 0 0 0 1 0 0 1 7 0 0 0 0 0 0 1 0 0 0 0 0 1 0 1 1 0 0 0 0 1 2 0 6 0 0 0 0 1 0 0 0 0 0 1 5 0 0 0 0 1 0 0 0 0 0 1 0 2 0 3 0 10 0 1 0 0 0 0 0 7 0 0 0 0 3 0 5 3 0 0 1 0
0.49795918367346936  3 0 0 0 0 0 0 0 0 0 0 0 0 0 0 0 0 0 0 0 0 0 0 0 2 0 0 0 0 0 0 0 0 0 0 0 0 0 0 0 0 0 0 0 0 7 0 0 8 0 0 0 0 0 0 0 0 0 0 0 1 0 0 0 0 0 0 0 0 0 0 0 0 0 0 0 0 2 0 0 0 0 0 0 0 1 0 0 0 0 0 0 4 0 0 0 0 0
0.5472972972972973  0 0 0 0 0 0 0 0 0 0 0 0 0 0 0 0 0 1 0 0 0 0 0 0 5 0 1 0 0 0 0 0 0 0 0 0 0 0 0 0 0 1 1 0 1 2 0 0 0 0 0 0 0 0 0 2 0 0 0 0 0 0 0 1 0 0 0 0 0 0 0 0 0 0 0 0 0 1 0 0 0 0 0 0 0 4 0 0 0 0 0 0 0 0 0 0 0 0
0.5164609053497943  1 2 0 2 0 6 0 0 0 0 0 0 0 0 0 0 6 0 0 0 0 0 0 0 10 0 0 0 0 0 0 2 0 0 0 0 0 1 0 0 0 0 1 0 0 2 1 0 3 0 0 1 2 1 0 0 0 0 0 0 3 0 0 2 0 0 0 0 0 0 0 0 0 0 0 1 0 11 0 1 0 1 0 0 0 2 0 0 1 0 0 0 0 0 0 0 0 0
0.5396270396270396  0 1 0 0 0 1 0 0 0 0 0 0 0 0 0 0 2 0 0 0 0 0 0 0 2 0 0 0 0 0 0 0 0 0 0 0 0 0 0 0 0 0 0 0 1 2 0 0 7 0 0 0 0 0 0 0 0 1 0 0 0 0 0 0 0 0 0 0 0 0 0 0 0 0 0 0 0 2 0 0 0 0 0 0 0 1 0 0 0 0 4 1 7 0 2 0 0 0
0.5067967933077727  0 0 0 1 0 1 1 0 0 0 0 0 0 0 0 0 0 0 0 0 0 0 0 0 3 0 0 0 0 0 1 0 0 0 0 0 0 1 0 0 0 0 0 0 0 3 0 0 2 0 1 0 0 1 0 0 0 0 0 0 1 0 0 0 3 0 2 0 0 0 0 0 0 0 0 0 0 2 0 0 0 0 0 0 0 1 0 0 0 0 0 1 4 0 0 0 0 0
0.6367521367521367  0 0 0 1 1 18 0 1 0 0 3 0 0 0 0 0 0 0 0 0 12 0 0 0 15 0 0 0 0 0 0 0 0 0 0 1 0 0 0 0 0 0 0 0 0 19 0 0 0 0 0 0 6 0 0 2 0 1 0 0 0 0 0 0 5 0 12 0 0 0 0 0 0 0 0 1 0 4 3 2 5 1 0 0 0 0 0 0 0 1 0 1 0 0 0 0 0 0
0.5240963855421686  0 0 0 0 0 0 0 0 0 0 0 0 0 0 0 0 0 0 0 0 0 0 0 0 0 0 0 0 0 0 0 0 0 0 0 0 0 0 0 0 0 0 0 0 0 0 0 0 0 0 0 0 0 0 0 0 0 0 0 0 0 0 0 0 0 0 0 0 0 0 0 0 0 0 0 0 0 0 0 0 0 0 0 0 0 3 0 0 0 0 0 0 7 0 0 0 0 0
0.497131931166348  1 1 0 0 0 0 0 0 0 0 0 0 0 0 0 0 0 2 0 0 0 0 0 0 3 0 0 0 0 0 0 0 0 0 0 0 0 0 0 0 0 0 0 0 0 1 0 0 2 0 0 0 0 0 0 0 0 0 0 0 0 0 0 1 0 0 1 0 0 0 0 0 0 0 0 0 0 0 0 0 0 0 0 0 0 0 0 0 0 0 0 0 0 0 0 0 0 0
0.4968141270708174  0 0 0 0 0 2 0 0 0 0 0 0 0 0 0 0 1 0 0 0 0 0 0 0 2 0 0 0 0 0 0 0 0 0 0 0 0 4 0 0 0 0 0 0 0 0 0 0 0 0 0 0 0 4 0 0 0 0 0 0 0 0 1 0 0 0 0 0 0 0 0 0 0 0 0 0 0 0 0 0 0 2 0 0 0 1 0 0 0 0 1 0 0 0 4 0 0 0
0.44541484716157204  0 0 0 0 0 1 0 0 0 0 0 0 0 0 0 0 1 2 0 0 0 0 0 0 2 0 0 1 0 0 0 0 0 0 0 0 0 1 0 0 0 0 0 0 0 0 0 0 1 0 0 0 0 0 0 0 0 0 0 0 0 0 0 1 0 0 1 0 0 0 0 0 0 0 0 0 0 2 0 0 0 0 0 0 0 10 0 0 0 0 1 0 5 0 1 0 0 0
0.5302166476624858  0 0 0 0 0 0 0 0 0 0 0 0 0 0 0 0 0 0 0 0 0 0 0 0 2 0 0 0 0 0 0 0 0 0 0 0 0 0 0 0 0 0 0 0 0 0 0 0 0 0 0 0 0 0 0 0 0 0 0 0 0 0 0 0 1 0 0 0 0 0 0 0 0 0 0 0 0 0 0 0 0 0 0 0 0 2 0 0 0 1 0 0 0 0 0 0 0 0
0.5  1 0 0 0 0 0 0 0 0 0 0 0 0 0 0 0 1 0 0 0 0 0 0 0 2 0 0 0 0 0 0 0 0 0 0 0 0 1 0 0 0 0 0 0 0 0 0 0 0 0 0 0 0 0 0 0 0 0 0 0 0 0 0 0 2 0 0 0 0 0 0 0 0 1 0 0 0 0 0 0 0 0 0 0 0 2 0 0 0 0 0 0 2 0 0 0 0 0
0.5063674954517889  0 0 0 0 0 10 0 0 0 0 0 0 0 0 0 0 3 0 0 0 0 0 0 0 6 0 0 0 0 0 0 0 0 0 0 0 0 2 0 0 0 0 0 0 0 0 0 0 0 0 0 0 0 1 0 0 0 0 0 0 0 0 0 0 0 0 0 0 0 0 0 0 0 0 0 1 0 3 0 0 0 0 0 0 0 0 0 0 0 0 0 0 0 0 0 0 0 0
0.499754058042302  0 0 0 0 0 0 0 0 0 0 0 0 0 0 0 0 0 0 0 0 0 0 0 0 2 0 0 0 0 0 0 0 0 0 0 0 0 0 0 0 0 0 0 0 0 0 0 0 0 0 0 0 0 0 0 0 0 0 0 0 0 0 0 0 0 0 0 0 0 0 0 0 0 0 0 0 0 0 0 0 0 0 0 0 0 0 0 0 0 0 0 0 0 0 0 0 0 0
0.5028184892897407  0 7 0 0 0 0 0 1 0 0 0 0 0 0 0 0 0 0 0 0 0 0 0 0 4 0 0 0 0 0 0 0 0 0 1 0 0 0 0 0 0 0 0 0 0 1 0 0 0 0 0 0 0 3 0 0 0 0 0 0 0 0 0 0 0 0 0 0 0 0 0 0 0 0 0 0 0 2 0 0 0 0 0 0 0 0 0 0 1 0 0 1 0 7 0 0 0 0
0.5366518922604842  0 7 0 1 2 16 1 0 0 0 0 0 0 0 0 0 2 15 0 0 2 0 0 1 55 0 24 1 0 0 1 2 0 1 0 0 0 4 2 0 0 2 0 0 0 19 0 0 34 0 0 5 3 3 1 4 0 1 1 0 3 0 4 0 2 0 6 0 0 0 0 0 0 7 0 4 1 27 0 1 1 4 0 0 0 20 0 0 0 0 4 2 1 1 1 0 0 0
0.498812351543943  0 0 0 1 0 0 0 0 0 0 0 0 0 0 0 0 0 0 0 0 0 0 0 0 2 0 0 0 0 0 0 0 1 0 0 0 0 0 0 0 0 0 0 0 0 0 0 0 0 0 0 0 0 0 0 0 0 0 0 0 0 0 0 0 0 0 0 0 0 0 0 0 0 0 0 0 0 0 0 0 0 0 0 0 0 1 0 0 0 0 0 0 0 0 0 0 0 0
0.530562347188264  1 0 0 0 0 4 0 0 0 0 0 0 0 0 0 0 2 0 0 0 0 0 0 0 14 0 2 0 0 0 0 0 0 0 0 0 0 7 0 0 0 1 0 0 0 0 1 0 4 0 0 0 0 1 0 1 0 0 1 0 0 0 0 0 0 0 0 0 0 0 0 0 0 2 0 0 0 11 0 0 0 0 0 0 0 3 0 0 1 0 0 1 0 0 0 0 0 0
0.5261303581914268  0 4 0 0 0 2 0 0 0 0 0 0 0 0 0 0 2 0 0 0 0 0 0 0 12 0 6 0 0 0 0 0 3 0 0 0 0 23 0 0 0 0 0 0 0 1 0 0 18 1 0 5 0 2 0 4 0 0 0 0 5 0 0 0 0 0 4 0 0 0 0 0 0 0 0 0 0 20 1 5 0 0 0 0 0 0 0 0 1 0 0 0 0 0 0 0 0 0
0.5277777777777778  2 0 0 0 0 1 0 0 0 0 0 0 0 0 0 0 0 0 0 0 0 0 0 0 2 0 0 0 0 0 0 0 0 0 0 0 0 1 0 0 0 0 0 0 0 0 0 0 0 0 0 1 0 0 0 0 0 1 0 0 1 0 0 0 0 1 0 0 0 0 0 0 0 0 0 0 0 0 0 0 0 1 0 0 0 0 0 0 0 1 0 0 0 0 0 0 0 0
0.5362318840579711  3 1 0 0 0 3 0 0 0 0 0 0 0 0 0 0 0 9 0 0 1 0 0 0 6 0 0 2 0 0 0 1 0 0 0 0 0 8 0 0 0 0 0 0 0 2 0 0 8 1 7 0 2 5 0 0 0 6 0 0 8 0 1 0 11 0 1 0 0 0 0 0 0 0 0 0 0 10 6 3 0 0 0 0 0 2 0 0 0 11 0 0 2 2 0 0 0 0
0.5220820189274448  0 6 0 2 0 5 0 0 1 0 0 2 0 0 0 0 0 0 0 0 0 0 0 0 6 0 2 0 0 0 0 4 1 0 0 0 0 6 0 0 0 0 0 0 0 11 0 0 10 0 0 1 0 0 0 0 0 0 1 0 1 0 1 0 0 0 1 0 1 1 0 0 0 4 0 0 0 8 0 0 0 0 0 8 0 2 0 0 2 0 3 0 0 1 4 0 0 0
0.4375  0 0 0 0 0 0 0 0 3 0 0 0 0 0 0 0 1 0 0 0 0 0 0 0 4 0 0 0 0 0 0 1 0 0 0 0 0 0 0 0 0 0 0 0 0 0 0 0 1 0 0 0 0 0 0 0 0 0 0 0 0 0 0 0 0 0 0 0 0 0 0 0 0 0 0 3 0 2 0 0 0 0 0 0 0 5 0 0 0 0 0 0 0 0 0 0 0 0
0.5120994113799869  2 5 0 0 0 3 0 0 0 0 0 0 0 0 0 0 0 0 0 0 1 0 0 0 1 0 0 0 0 0 0 0 0 0 0 0 0 0 0 0 0 0 0 0 0 1 2 0 19 0 0 0 0 0 0 0 0 0 0 0 2 0 0 0 0 0 1 1 1 0 0 0 0 5 0 0 0 1 0 0 0 0 0 4 0 0 0 0 0 0 0 1 4 0 0 0 0 0
0.5396825396825397  0 3 0 1 0 3 0 0 1 0 0 0 0 0 0 0 1 0 0 0 0 0 0 0 13 0 0 0 0 0 0 1 0 0 0 0 0 1 0 0 0 0 0 0 0 0 0 0 45 0 0 0 0 0 0 0 0 0 0 0 0 0 0 2 0 0 0 0 0 0 0 0 0 0 0 5 0 27 0 0 0 0 0 0 0 2 0 0 0 0 3 0 0 0 0 0 0 0
0.5092783505154639  2 5 0 1 0 6 1 0 0 0 0 0 0 0 0 2 7 2 0 0 0 0 0 0 8 0 3 0 0 0 0 5 1 0 0 0 0 4 0 0 0 0 0 0 0 10 1 0 7 0 0 0 0 1 0 1 0 1 1 0 1 0 5 2 0 1 4 0 0 1 1 0 0 0 0 2 0 3 0 1 0 0 1 0 0 6 0 0 1 0 1 0 1 1 0 0 0 0
0.5265113974231913  0 0 0 0 0 0 0 0 0 1 0 0 0 0 0 1 0 0 1 0 0 0 0 0 3 0 0 0 0 0 0 1 0 0 0 0 0 0 0 0 0 0 0 0 0 0 0 0 0 0 0 0 0 0 0 0 0 0 0 0 1 0 0 0 0 0 0 0 0 0 0 0 0 0 0 1 0 0 0 0 0 0 0 0 0 0 0 0 0 0 0 0 0 1 1 0 1 0
0.5263474856970792  0 2 0 0 0 3 0 0 0 0 0 0 0 0 0 0 0 0 0 0 0 0 0 0 2 0 0 0 0 0 0 0 0 0 0 0 0 3 0 0 0 0 0 0 0 0 0 0 2 0 0 0 0 0 0 0 0 0 0 0 0 0 0 0 1 0 0 0 0 0 0 0 0 0 0 0 0 0 0 0 0 0 0 0 0 0 0 0 0 0 0 0 0 0 0 0 0 0
0.5125834617360041  0 0 0 0 0 4 4 0 0 0 0 0 0 0 0 0 6 0 0 0 0 0 1 0 3 0 1 0 0 0 0 0 0 0 0 0 0 0 0 0 0 0 0 0 0 2 0 0 0 0 0 0 0 1 0 1 0 0 0 0 1 0 0 0 0 0 0 0 0 0 0 0 0 1 0 0 0 0 0 0 0 0 0 0 0 3 0 0 0 0 4 0 1 0 0 0 0 0
0.4941065535124941  0 14 0 1 0 0 1 0 0 0 0 0 0 0 0 0 4 1 0 0 0 0 0 0 14 1 2 0 3 0 0 0 0 1 2 1 0 6 0 0 0 0 0 0 0 9 0 0 18 0 0 0 1 3 1 2 0 0 1 0 3 0 1 0 3 3 1 0 0 0 0 0 0 1 0 3 0 18 4 1 1 0 0 0 0 4 0 0 0 0 3 7 0 0 0 0 0 0
0.5095057034220533  0 0 0 0 0 1 0 0 0 0 0 0 0 0 0 0 0 3 0 0 0 0 0 0 3 0 0 0 0 0 0 0 0 0 0 0 0 2 0 0 0 0 0 0 0 0 0 0 2 0 0 0 0 0 0 0 0 0 0 0 1 0 0 0 0 0 0 0 0 0 0 0 0 0 0 2 0 1 0 0 0 0 0 0 0 0 0 0 0 0 0 0 0 0 0 0 0 0
0.4629080118694362  0 0 0 0 0 5 0 0 0 0 0 0 0 0 0 0 0 0 0 0 1 0 0 0 4 0 0 0 0 0 0 0 0 0 0 0 0 0 0 0 0 0 0 0 0 2 0 0 4 0 0 0 0 1 0 0 0 0 0 0 0 0 0 1 0 0 0 0 0 0 0 0 0 2 0 0 0 5 0 0 0 0 0 0 0 1 0 0 0 0 0 0 0 0 0 0 0 0
0.5169463639355051  0 1 0 2 0 7 1 0 0 2 0 0 0 0 0 0 3 0 0 0 0 0 0 0 2 0 5 0 0 0 0 0 0 0 0 0 0 0 1 0 0 0 0 0 3 4 0 0 9 0 0 0 0 2 0 0 0 0 0 0 2 0 0 0 1 1 0 0 0 0 0 0 0 1 0 1 0 4 1 0 1 0 0 0 0 1 0 0 0 0 3 1 4 0 1 0 0 0
0.508724832214765  0 2 0 1 0 2 0 0 0 0 0 0 0 0 0 0 1 0 0 0 0 0 0 0 10 0 4 0 0 0 0 0 0 0 0 0 0 5 1 0 0 0 0 0 0 1 1 0 6 0 0 0 0 1 0 0 0 0 0 0 0 0 0 0 0 0 4 0 0 0 0 0 0 3 0 0 0 20 2 0 0 1 0 0 0 2 2 0 0 0 1 0 1 0 0 0 0 0
0.520368574199806  0 4 0 0 0 8 0 0 3 0 0 0 0 0 0 1 2 0 0 0 0 0 0 1 11 0 4 0 0 0 0 4 2 2 0 0 0 0 0 3 0 0 0 0 0 6 0 0 12 0 0 0 9 1 0 0 1 0 0 0 1 0 2 0 5 0 0 0 0 1 0 0 0 10 0 1 0 9 5 3 0 1 0 6 0 2 0 0 0 0 3 2 0 0 3 0 0 0
0.5268935236004391  0 1 0 1 0 4 0 0 0 0 0 0 0 0 0 0 25 0 1 0 0 0 0 0 14 0 0 0 0 0 0 1 2 1 2 0 0 3 0 0 0 0 0 0 0 7 1 0 0 1 0 0 2 2 0 0 0 0 0 0 4 0 0 0 2 1 0 0 0 0 0 0 0 0 0 4 0 10 0 0 0 0 0 0 0 2 0 0 0 0 1 1 1 0 3 0 0 0
0.4899665551839465  0 0 0 0 0 2 0 0 0 0 0 0 0 0 0 0 5 0 0 0 0 0 0 0 9 0 0 0 0 0 0 0 0 0 0 0 0 0 0 0 0 0 0 0 0 1 0 0 2 0 0 0 1 0 0 0 0 0 0 0 0 0 0 0 0 0 0 0 0 0 0 0 0 0 0 0 0 14 0 0 0 0 0 0 0 14 0 0 0 0 0 0 1 1 0 0 0 0
0.5674255691768827  0 2 0 0 1 2 0 0 0 1 0 0 0 0 1 0 0 0 0 0 0 0 0 0 7 0 1 0 0 0 0 1 0 1 0 0 0 1 1 1 1 0 0 0 0 7 0 0 9 0 0 0 2 0 0 0 0 0 0 0 0 0 2 0 1 0 1 0 0 0 0 0 0 5 0 0 0 3 0 1 2 0 0 0 0 0 0 0 1 0 1 1 2 0 2 0 0 0
0.5051282051282051  0 0 0 1 1 0 0 0 0 0 0 0 0 0 0 0 0 0 0 0 0 0 0 0 7 0 0 0 0 0 0 0 0 0 0 0 0 0 2 0 0 0 0 0 0 0 0 0 3 0 0 1 3 0 0 0 0 1 0 0 0 0 0 0 0 0 0 0 0 0 0 0 0 0 0 0 0 3 0 0 0 1 0 0 0 2 0 0 0 0 0 0 0 0 0 0 0 0
0.5058788947677837  0 1 0 0 1 0 0 0 0 0 0 0 0 0 0 0 9 0 0 0 1 0 0 0 9 0 0 0 1 0 0 1 0 0 0 0 0 4 0 0 0 0 7 0 0 9 0 0 7 0 0 0 0 2 0 0 0 0 0 0 2 0 0 0 1 0 0 0 0 0 0 0 0 1 0 0 0 13 4 0 0 1 0 0 0 1 0 0 0 0 5 5 0 1 0 0 0 0
0.46017699115044247  0 0 0 0 0 0 0 0 0 0 0 0 0 0 0 0 0 0 0 0 0 0 0 0 3 0 0 0 0 0 0 0 0 0 0 0 0 0 0 0 0 0 0 0 0 0 0 0 0 0 0 0 0 0 0 0 0 0 0 0 0 0 0 0 0 0 0 0 0 0 0 0 0 0 0 0 0 1 0 0 0 0 0 0 0 2 0 0 0 0 0 0 2 0 0 0 0 0
0.5083565459610028  0 2 0 0 0 1 1 0 0 0 0 0 0 0 0 0 3 0 0 0 0 0 0 0 3 0 4 0 0 0 0 0 0 0 0 1 0 0 0 0 0 2 0 0 1 3 2 0 1 2 0 0 0 1 0 0 0 0 0 0 1 0 0 1 1 0 0 1 0 0 0 0 0 0 0 1 0 0 0 0 0 0 0 0 0 1 0 0 0 0 3 1 0 0 0 0 0 0
0.5054131054131055  0 4 0 0 0 5 0 0 0 0 0 0 0 0 0 0 3 1 0 0 0 0 0 0 2 0 0 0 0 0 0 0 0 0 0 0 0 0 0 0 0 0 0 0 0 3 0 0 15 0 0 0 0 0 0 0 0 0 0 0 1 0 0 1 0 0 1 0 0 0 0 0 0 0 0 1 0 0 0 0 0 0 0 0 0 0 0 0 0 0 3 0 1 0 0 0 0 0
0.5583809029579657  0 0 0 0 0 0 0 0 0 0 0 0 0 0 0 0 1 0 0 0 0 0 0 0 4 0 0 0 0 0 0 0 0 0 0 0 0 0 0 0 0 0 0 0 0 0 0 0 4 0 0 0 0 0 0 0 0 0 0 0 0 0 0 0 0 0 0 0 0 0 0 0 0 0 0 0 0 4 0 0 0 0 0 0 0 0 0 0 0 0 6 0 0 0 0 0 0 0
0.5021682567215958  2 3 0 0 0 2 0 0 0 0 0 0 0 0 0 0 3 6 0 0 0 0 0 0 21 0 0 0 1 0 0 2 0 0 0 0 0 19 0 0 0 1 0 0 0 5 4 0 5 0 0 0 4 15 0 1 0 0 0 0 2 0 0 0 1 0 1 0 0 0 0 0 0 0 0 2 1 24 3 0 5 2 0 0 0 33 0 0 0 1 0 2 2 2 7 0 0 3
0.47871684145589144  0 0 4 0 0 0 0 0 0 0 0 0 0 0 0 0 4 0 0 0 0 0 0 0 8 0 0 0 0 0 0 0 0 0 0 0 0 5 0 1 0 1 0 0 0 5 0 0 2 2 0 0 0 1 0 0 0 0 0 0 1 0 0 0 0 0 0 0 0 0 0 0 0 2 0 0 0 5 0 1 0 1 0 0 0 8 0 0 0 11 0 0 3 0 0 0 0 0
0.5073003149155454  1 1 0 1 0 4 0 0 0 0 0 0 0 0 0 1 7 0 0 0 0 0 0 0 2 0 1 0 0 0 0 0 0 1 0 0 0 1 0 0 0 0 0 0 1 5 0 0 1 2 0 0 0 0 0 0 0 0 0 0 0 0 1 0 0 0 0 0 0 0 0 0 0 0 0 3 0 3 0 0 0 0 0 0 0 0 0 0 0 0 0 0 4 0 0 0 0 0
0.49742533470648814  0 0 0 0 0 0 0 0 0 0 0 0 0 0 0 0 0 0 0 0 1 0 0 0 3 0 0 0 0 0 0 0 0 0 0 0 0 0 0 0 0 0 0 0 0 0 0 0 2 0 0 0 1 0 0 1 0 0 0 0 0 0 0 1 0 0 2 0 0 0 0 0 0 0 0 0 0 0 0 0 0 0 0 0 0 0 0 0 0 0 0 0 0 1 0 0 0 0
0.5951557093425606  1 1 0 0 0 1 0 0 0 0 0 0 0 0 0 0 3 0 0 0 0 0 0 0 1 0 0 0 0 0 0 0 0 0 0 0 0 0 0 0 0 0 0 0 0 0 0 0 2 0 0 0 0 1 0 0 0 0 0 0 0 0 1 0 0 0 0 0 0 0 0 0 0 0 0 0 0 0 0 0 0 0 0 0 0 0 0 0 0 0 2 0 3 0 0 0 0 0
0.4980802792321117  0 0 0 0 0 0 0 0 0 0 0 0 0 0 0 0 0 0 0 0 0 0 0 0 2 0 0 0 0 0 0 0 0 0 0 0 0 0 0 0 0 0 0 0 0 0 0 0 1 0 0 0 0 0 0 0 0 0 0 0 0 0 0 0 0 0 0 0 0 0 0 0 0 0 0 0 0 0 0 0 0 0 0 0 0 0 0 0 0 0 0 0 0 0 0 0 0 0
0.5084477296726505  0 3 0 2 0 8 0 0 0 1 0 0 0 0 0 0 2 1 0 0 0 0 0 0 14 0 0 0 0 0 1 2 1 0 1 0 0 4 0 0 0 0 0 0 0 1 1 0 9 0 0 1 0 0 0 3 0 0 0 1 1 0 0 0 3 0 0 0 0 0 0 0 0 1 0 2 0 13 1 0 0 0 0 0 0 0 0 0 0 0 0 0 1 0 2 0 0 1
0.49369217830109335  0 1 1 1 0 2 0 0 0 0 0 0 0 0 0 0 1 0 0 0 0 0 0 0 5 0 0 0 3 0 0 0 0 0 0 0 0 2 0 0 0 0 2 0 0 3 0 0 6 0 0 0 0 3 0 0 0 0 0 0 1 0 1 0 1 1 1 0 0 0 0 0 0 0 0 0 0 12 0 0 0 0 0 0 0 3 0 0 0 2 0 0 3 0 1 0 0 0
0.5005263157894737  0 0 0 1 0 13 0 0 0 0 0 0 0 0 0 0 0 0 0 0 0 0 0 0 2 0 0 0 0 0 0 0 1 1 0 0 0 1 0 0 0 1 0 1 0 1 0 0 0 0 0 0 0 1 0 0 0 1 0 0 0 0 0 0 0 0 0 0 0 0 0 0 0 1 0 1 0 0 0 1 0 1 0 0 0 1 0 0 0 0 1 1 0 0 0 0 0 0
0.4867149758454106  0 0 0 1 0 2 0 0 0 0 0 0 0 0 0 0 0 0 0 0 0 0 0 0 4 0 2 0 0 0 0 1 0 0 0 0 0 0 0 1 0 0 0 0 0 1 0 0 0 0 0 4 0 1 0 1 0 0 0 0 2 0 0 0 0 0 0 0 0 0 0 0 0 0 0 0 0 3 0 0 2 0 0 0 0 0 0 0 1 0 0 0 1 0 0 0 0 0
0.5294117647058824  0 0 0 0 0 2 0 0 0 0 0 0 0 0 0 0 3 0 0 0 0 0 0 0 4 0 0 1 0 0 0 0 0 0 0 0 0 1 0 0 0 0 0 0 0 1 0 0 1 0 0 0 0 0 0 0 0 0 0 0 0 0 1 0 0 0 0 0 0 0 0 0 0 1 0 0 0 1 0 0 0 0 0 0 0 4 0 0 0 0 1 0 1 0 0 0 0 0
0.5076433121019108  0 0 0 0 0 0 0 0 0 0 0 0 0 0 1 0 1 0 0 0 0 0 0 0 3 0 0 0 0 0 0 0 0 0 0 0 0 3 0 0 0 0 0 0 0 1 0 0 0 0 0 0 0 0 0 0 0 0 0 0 0 0 0 1 0 0 0 0 0 0 0 0 0 0 0 0 0 0 0 0 0 0 0 0 0 4 0 0 0 1 0 0 0 0 0 0 0 0
0.5021872265966754  0 2 0 0 0 2 0 0 0 0 0 0 0 0 0 0 1 0 0 0 0 0 0 0 1 0 0 0 0 0 0 0 0 0 1 0 0 0 0 0 0 0 0 0 0 0 0 0 5 0 0 1 0 1 0 1 0 1 0 0 0 0 0 0 0 0 0 0 0 0 0 0 0 1 0 1 0 0 0 0 1 0 0 0 0 3 0 0 0 0 2 3 6 0 1 0 0 0
0.503448275862069  1 4 0 1 0 11 0 0 1 0 0 0 0 0 0 0 5 0 0 0 0 2 0 0 24 0 3 0 0 0 0 0 0 2 3 0 0 0 0 0 0 0 4 0 0 9 0 0 9 0 0 1 0 5 0 0 0 0 0 0 0 0 0 0 0 0 0 0 0 0 0 0 0 2 0 3 0 12 0 0 3 0 0 0 0 1 0 0 0 4 5 1 2 0 0 0 0 0
0.4918518518518519  0 2 0 0 0 2 0 0 0 0 0 0 0 0 0 0 0 0 0 0 0 0 0 0 5 0 0 0 0 0 0 0 0 0 0 0 0 0 0 0 0 0 0 0 0 0 0 0 4 0 0 0 0 0 0 0 0 0 0 0 0 0 0 0 0 0 1 0 0 0 0 0 0 0 0 1 0 5 0 0 0 1 0 0 0 1 0 0 0 1 0 0 0 0 0 0 0 0
0.5331179321486268  0 1 0 4 0 9 1 0 0 0 0 0 0 0 0 0 1 0 0 0 1 0 1 0 7 0 0 0 0 0 0 0 0 0 0 0 0 8 0 0 0 0 3 0 0 8 0 0 5 1 0 1 1 6 0 2 0 0 1 4 0 0 2 0 1 1 0 0 0 0 2 0 0 0 0 0 0 8 9 4 0 0 1 0 0 5 0 0 2 0 3 0 1 0 0 0 0 0
0.5083046067063617  1 1 0 1 0 0 1 0 1 3 0 0 0 0 0 0 5 2 0 0 1 0 0 1 15 0 9 0 0 0 0 1 3 1 0 0 0 3 0 0 1 0 0 0 0 9 0 0 22 1 0 4 2 3 0 2 0 0 0 0 1 0 0 0 2 0 0 0 0 0 0 0 0 0 0 1 0 8 0 0 0 0 0 0 0 22 0 0 0 0 1 4 3 0 0 0 0 0
0.48392857142857143  0 1 0 1 0 3 0 0 0 0 0 0 0 0 0 0 3 0 0 0 2 0 0 0 14 0 0 0 0 0 0 3 0 0 0 0 0 4 0 2 0 0 0 0 0 0 0 0 1 0 0 0 0 3 0 0 0 0 0 0 0 0 0 0 0 0 0 0 0 0 0 2 0 3 0 1 0 8 0 0 0 1 0 0 0 21 0 0 0 2 0 0 1 2 1 0 0 0
0.5797872340425532  0 3 0 0 0 2 0 0 0 0 0 0 0 0 0 1 0 0 0 0 0 0 0 0 7 0 2 0 0 0 0 0 0 0 0 0 0 0 0 0 0 1 0 0 0 7 0 0 0 0 0 2 0 0 0 1 0 1 0 0 1 0 0 0 0 0 1 1 1 0 0 0 0 0 0 0 0 15 0 0 0 0 0 1 0 0 0 0 0 0 0 0 1 0 0 0 0 0
0.5292517006802722  0 2 0 0 0 3 0 0 0 0 0 0 0 0 1 0 0 0 0 0 0 0 0 0 3 0 0 0 0 0 0 0 0 0 0 0 0 0 0 0 1 0 2 0 0 3 0 0 0 0 0 2 0 0 0 0 0 0 0 0 0 0 0 0 0 0 0 0 0 0 0 0 0 0 0 0 0 0 0 0 0 0 0 0 0 1 0 0 0 0 0 1 0 0 0 0 0 0
0.5320197044334976  0 4 0 0 0 8 0 0 0 3 0 0 0 0 0 0 6 0 0 0 0 0 0 0 0 4 0 0 0 0 0 1 0 0 0 0 0 12 0 0 0 0 0 0 0 1 0 0 15 0 0 0 0 3 0 0 0 0 0 0 0 0 0 0 0 0 0 0 0 0 0 0 0 0 0 1 0 18 0 0 0 0 0 0 0 7 0 0 0 3 1 0 26 0 0 0 0 0
0.5285714285714286  0 1 0 0 0 6 0 0 0 0 0 0 0 0 0 0 3 0 0 0 0 0 0 0 7 0 0 0 0 0 0 0 0 0 0 0 0 8 0 0 0 1 0 0 2 2 2 0 22 0 0 0 0 0 0 0 0 0 0 0 1 0 1 0 0 0 0 0 0 0 0 0 0 0 0 3 0 22 2 0 0 0 0 0 0 70 0 0 0 0 3 0 9 0 0 0 0 0
0.486  2 2 0 0 0 3 0 0 0 0 0 0 0 0 0 0 7 0 0 0 0 0 0 0 4 0 0 0 0 0 0 0 0 0 0 1 0 13 0 0 0 0 0 0 0 0 0 0 5 0 0 1 1 2 0 0 0 0 0 0 1 0 0 0 0 1 0 0 0 0 0 0 0 0 0 3 0 20 0 0 0 0 0 0 0 7 0 0 0 0 0 0 20 0 0 0 0 0
0.5504761904761905  0 3 0 2 0 0 0 0 0 2 0 0 0 0 0 0 0 0 0 0 0 0 0 0 7 0 1 0 0 0 0 0 0 0 0 0 0 0 0 0 0 0 0 1 0 4 0 0 5 1 0 6 1 0 0 2 0 0 0 0 0 0 0 2 0 0 0 0 0 0 0 0 0 2 0 1 0 3 0 0 0 0 0 0 0 4 0 0 1 1 1 1 23 0 5 0 0 0
0.45623836126629425  0 0 0 0 0 0 0 0 1 0 0 0 0 0 0 0 0 0 0 0 0 0 0 0 1 0 0 0 0 0 0 0 0 0 0 0 0 0 0 0 0 0 0 0 0 0 0 0 0 0 0 0 0 0 0 0 0 0 0 0 0 0 1 0 0 0 0 0 0 0 0 0 0 0 0 1 0 0 0 0 0 0 0 2 0 0 0 0 0 0 0 0 3 0 0 0 0 0
0.5499194847020934  0 0 0 0 0 0 0 0 0 0 0 0 0 0 0 0 0 0 0 0 0 0 0 0 2 0 0 0 0 0 0 0 0 0 0 5 0 1 0 0 0 0 0 0 0 0 0 0 1 0 0 0 0 0 0 1 0 0 0 0 3 0 0 0 0 0 0 0 0 0 0 0 0 0 0 0 0 0 0 0 0 0 0 0 0 0 0 0 0 0 0 0 2 0 0 0 0 0
0.5714285714285714  1 0 0 0 0 3 0 0 0 0 0 0 0 0 0 0 11 1 0 0 0 0 0 0 7 0 1 0 0 0 0 1 1 0 0 0 0 0 0 0 0 1 0 0 1 3 0 0 5 0 0 1 1 0 0 2 0 0 0 0 1 0 0 0 0 0 0 0 1 0 0 0 0 1 0 1 0 4 0 3 0 0 0 1 0 1 0 0 0 0 0 0 1 0 2 0 0 0
0.5292096219931272  0 0 0 2 0 0 0 0 0 0 0 0 0 0 0 0 1 0 0 0 0 0 0 0 7 0 0 0 0 0 0 0 0 0 0 0 0 2 0 0 0 0 0 0 0 0 2 0 4 3 0 0 1 1 0 0 0 0 0 0 0 0 1 0 1 0 2 0 0 0 0 0 0 0 0 0 0 5 0 0 0 0 0 0 0 3 0 0 0 0 0 0 8 0 0 0 0 0
0.5032175032175032  0 1 0 0 0 0 0 0 0 0 0 0 0 0 0 0 1 0 0 0 0 0 0 0 3 0 2 0 0 0 0 0 0 0 0 0 0 1 0 1 0 0 0 0 0 1 0 0 4 0 0 0 0 0 0 0 0 1 0 0 0 0 1 0 0 0 0 0 0 0 0 0 0 0 0 0 0 4 0 0 0 0 0 0 0 2 0 0 0 1 0 0 2 1 0 0 0 0
0.5390178911305672  0 0 0 0 0 0 0 0 0 0 0 0 0 0 0 0 0 0 0 0 0 0 0 0 4 0 0 0 0 0 0 0 0 0 0 0 0 1 0 0 0 0 0 0 0 3 1 0 1 1 0 1 0 0 0 0 0 0 0 0 0 0 0 0 0 0 0 0 0 0 0 0 0 0 0 0 0 4 3 0 0 0 0 0 0 3 0 0 0 0 0 0 0 0 0 0 0 0
0.4876632801161103  0 0 0 0 0 0 0 0 0 0 0 0 0 0 0 0 1 0 0 0 0 0 0 0 2 0 0 0 0 0 0 0 1 0 0 0 0 0 0 0 0 0 0 0 0 0 0 0 1 0 0 0 0 0 0 0 0 0 0 0 0 0 0 1 0 0 1 0 0 0 0 0 0 0 0 0 0 0 0 0 0 0 0 0 0 0 0 0 0 0 2 0 1 0 0 0 0 0
0.48900038595137013  0 1 0 0 0 5 0 0 0 0 0 0 0 0 0 0 2 0 0 0 2 0 0 0 4 0 1 0 0 0 0 0 0 0 1 0 0 8 0 0 0 0 1 0 2 8 1 0 24 0 0 0 1 1 0 3 0 1 0 0 3 0 0 1 1 0 3 0 0 0 0 0 0 0 0 0 0 0 0 0 0 1 0 0 0 0 0 0 0 1 0 3 2 0 2 1 0 0
0.5735294117647058  0 2 0 2 0 1 0 0 0 0 0 0 0 0 0 0 0 0 0 0 0 0 0 0 5 0 1 0 0 0 0 1 0 0 0 0 0 1 0 0 0 0 1 0 0 1 0 0 4 0 0 1 0 0 0 1 0 0 0 0 2 0 0 1 0 1 1 0 0 0 0 0 0 0 0 1 0 9 0 0 0 0 0 0 0 0 0 0 0 0 3 1 5 0 1 0 0 0
0.5033557046979866  0 1 0 0 0 2 0 0 0 0 0 0 0 0 0 0 0 0 0 0 0 0 0 0 7 0 0 0 0 0 0 2 2 0 2 0 0 0 2 1 2 0 2 0 0 14 0 0 14 0 0 3 0 0 0 1 0 0 0 1 0 0 1 0 0 0 0 0 0 0 0 0 0 0 0 0 0 4 1 0 0 0 0 0 0 16 0 0 3 0 1 1 0 1 1 0 0 0
0.5180543121456281  1 3 0 0 0 1 0 0 0 0 0 0 0 0 0 0 5 0 0 0 1 0 0 0 11 0 2 0 0 0 0 0 0 1 0 0 0 1 0 1 0 4 0 0 0 5 3 0 4 0 0 0 0 3 0 4 0 2 0 0 2 0 0 0 3 0 1 0 0 0 0 0 0 1 0 2 0 5 1 2 0 0 0 0 0 2 0 0 0 0 3 0 0 2 6 0 0 0
0.5299145299145299  0 0 0 0 0 3 0 0 0 0 0 0 0 0 0 0 2 1 0 0 0 0 1 0 2 0 0 0 0 0 0 0 0 2 1 0 0 0 0 0 0 0 0 0 0 4 0 0 6 0 0 0 1 9 0 2 0 0 0 0 1 0 4 0 0 0 0 0 0 0 0 0 0 0 0 0 0 1 0 0 0 0 0 0 0 13 0 0 0 0 2 1 2 0 0 0 0 0
0.537956204379562  0 4 0 0 0 2 0 0 0 0 0 0 0 0 0 0 2 0 0 0 0 0 0 0 4 0 0 0 0 0 0 0 0 0 1 0 0 0 0 0 0 0 3 0 0 2 0 0 6 0 0 0 3 0 0 1 0 0 0 3 0 0 1 0 2 1 1 0 0 0 0 0 0 0 0 0 0 6 0 0 1 0 0 0 0 7 0 0 0 0 1 0 0 0 0 0 0 0
0.49094097019286964  0 1 0 0 0 2 0 0 0 0 0 0 0 0 0 0 1 0 0 0 0 0 0 0 3 0 0 0 0 0 0 1 0 0 0 0 0 0 0 1 0 0 1 0 0 3 0 0 5 0 0 0 0 0 0 0 0 0 0 0 0 0 0 0 0 0 0 0 0 0 0 0 0 0 0 0 0 0 0 0 0 0 0 0 0 1 0 0 0 0 0 0 0 0 0 0 0 0
0.505464480874317  0 0 0 0 0 0 0 0 0 0 0 0 0 0 0 0 0 0 0 0 0 0 0 0 2 0 0 0 0 0 0 0 0 0 0 0 0 0 0 0 0 0 0 0 0 0 0 0 0 0 0 0 0 3 0 0 0 0 0 0 0 0 0 0 0 0 0 0 0 0 0 0 0 0 0 0 1 0 0 0 0 0 0 0 0 1 0 0 0 0 0 0 0 0 0 0 0 0
0.49548022598870056  1 2 0 0 0 2 0 0 0 0 0 0 0 0 0 0 1 2 0 0 1 0 0 0 7 0 0 0 1 0 0 0 0 0 0 0 0 0 0 0 0 0 0 0 0 0 0 0 0 0 0 0 0 2 0 1 0 0 0 0 0 0 0 2 0 0 0 0 0 0 0 0 0 0 0 1 0 3 0 0 0 0 0 0 0 0 0 0 0 1 1 0 0 0 0 0 0 0
0.5030851501439737  0 0 0 1 0 3 0 0 0 0 0 0 0 0 0 1 0 0 0 0 0 0 0 0 4 0 0 0 0 0 0 1 0 0 0 0 0 0 0 0 0 0 0 0 0 7 0 0 32 1 0 0 0 1 0 0 0 0 0 0 0 0 0 0 0 0 2 0 0 0 0 0 0 0 0 2 0 0 0 1 0 0 0 0 0 1 0 0 0 1 1 0 10 0 0 0 0 0
0.5132365499573015  0 4 0 0 1 6 0 0 0 0 0 0 0 0 0 0 8 1 0 0 0 0 0 3 10 0 4 0 0 0 0 0 0 0 1 0 0 4 0 0 0 2 1 0 0 25 0 0 3 0 0 3 4 1 0 3 0 0 0 0 1 0 0 1 0 0 0 0 1 0 0 0 0 0 0 0 0 13 1 0 0 0 0 3 0 11 0 0 0 0 0 3 1 2 0 0 0 0
0.5114345114345115  0 1 0 0 0 0 0 0 0 0 0 0 0 0 0 0 0 0 0 0 1 0 0 0 3 0 0 0 1 0 0 0 0 0 0 0 0 0 0 0 0 0 0 0 0 0 0 0 0 0 0 0 0 0 0 0 0 0 0 0 0 0 0 0 0 0 0 0 0 0 0 0 0 1 0 0 0 1 0 0 0 0 0 0 0 0 0 0 0 0 0 0 0 0 0 0 0 0
0.524390243902439  0 2 0 1 0 0 0 0 1 0 0 0 0 0 0 0 0 0 0 0 0 0 0 1 4 0 1 0 0 0 0 0 0 0 0 0 0 0 0 0 0 1 0 0 2 2 0 0 2 0 0 2 0 1 0 1 0 0 0 0 2 0 0 1 1 0 4 0 0 0 0 0 0 0 0 3 1 3 0 0 0 0 0 0 0 2 0 0 0 0 1 0 9 0 0 0 2 0
0.515638963360143  0 0 0 0 0 0 0 0 0 0 0 0 0 0 0 1 0 3 0 0 0 0 0 0 3 0 0 0 0 0 0 0 0 0 0 0 0 0 0 0 0 0 0 0 0 3 1 0 0 0 0 1 1 1 0 0 0 0 0 0 0 0 0 0 0 0 0 0 0 0 0 0 0 0 0 0 0 1 0 0 0 0 0 0 0 0 0 0 0 0 0 0 0 0 0 0 0 0
0.49285062366899907  0 1 0 0 0 0 0 0 0 0 0 0 0 0 0 0 1 0 0 0 0 0 0 0 3 0 1 0 0 0 0 0 0 0 0 0 0 0 0 0 0 0 0 0 0 0 0 0 4 0 0 0 0 1 0 0 0 0 0 0 0 0 0 0 0 0 0 0 0 0 0 0 0 0 0 0 0 2 0 1 0 1 0 0 0 0 0 0 0 2 0 0 0 0 0 0 0 0
0.5245857830037414  0 1 0 0 0 0 1 0 0 0 0 0 0 0 0 0 2 0 0 0 0 0 0 0 2 0 0 0 0 0 0 0 0 0 0 0 0 0 1 0 0 0 3 0 0 0 0 0 6 0 0 2 0 0 0 0 0 0 0 0 0 0 2 0 0 0 0 0 0 0 0 0 0 1 0 0 0 3 1 2 0 0 0 0 0 5 0 0 0 1 6 0 3 0 0 0 0 0
0.5291375291375291  0 0 0 0 0 0 0 0 0 0 0 0 0 0 0 0 0 0 0 0 0 0 0 0 3 0 0 0 0 0 0 0 0 0 0 0 0 0 0 0 0 0 1 0 0 0 0 0 0 0 0 0 0 0 0 0 0 0 0 0 0 0 0 0 0 0 0 0 0 0 0 0 0 0 0 0 0 0 0 0 0 0 0 0 0 0 0 0 0 0 0 0 2 0 0 0 0 0
0.4560669456066946  0 0 0 0 0 9 0 0 0 0 0 0 0 0 0 0 7 0 0 0 0 0 0 0 4 0 0 0 0 0 0 0 0 0 0 0 0 0 0 0 0 0 1 0 0 0 0 0 1 0 0 0 0 0 0 0 0 0 0 0 0 0 0 2 0 0 0 0 0 0 0 0 0 0 0 2 0 0 0 0 0 1 0 0 0 8 0 0 0 2 0 0 1 0 0 0 0 0
0.4946695095948827  15 0 0 2 0 0 0 0 0 0 0 0 0 0 0 0 5 0 0 0 13 0 0 0 11 1 0 0 5 0 0 2 1 0 0 0 0 21 0 0 0 1 9 0 1 2 3 0 15 0 0 0 0 2 0 0 0 1 0 0 0 0 1 0 3 0 1 0 0 0 0 1 0 2 0 0 0 24 5 0 0 4 0 0 0 9 0 0 0 37 0 1 0 1 0 0 0 0
0.5350877192982456  1 0 0 1 0 20 0 0 0 0 0 0 0 0 0 0 4 0 0 0 0 0 0 0 2 0 0 0 1 0 0 1 1 0 0 13 0 5 0 0 0 0 0 0 4 19 1 0 7 6 0 0 0 3 0 0 0 0 0 0 5 0 5 1 0 1 5 0 0 0 0 0 0 0 0 3 0 20 0 1 0 0 0 0 0 87 0 0 0 17 2 0 2 0 1 0 0 0
0.5235975066785397  0 8 0 5 1 1 0 0 0 0 0 0 0 0 0 0 4 0 1 0 0 0 0 0 9 0 1 0 2 0 0 1 0 0 0 12 0 17 0 0 0 5 0 0 0 5 0 0 7 0 0 2 1 4 0 6 0 2 0 0 8 0 3 0 0 0 0 0 0 0 0 0 0 1 0 3 0 41 1 1 0 0 0 0 0 8 0 0 1 3 1 0 1 1 1 0 0 2
0.509656652360515  1 4 0 0 0 11 0 0 0 0 0 0 0 1 0 0 3 0 0 0 0 0 0 0 3 0 9 0 0 0 0 0 1 0 0 0 0 0 1 0 0 1 1 0 0 5 1 0 19 4 0 6 1 4 0 2 0 0 0 0 2 0 0 1 1 6 2 0 0 0 0 0 0 0 0 4 0 89 0 1 0 0 4 0 0 0 0 1 0 0 8 0 1 2 0 0 0 0
0.5366518922604842  0 7 0 1 2 16 1 0 0 0 0 0 0 0 0 0 2 15 0 0 2 0 0 1 55 0 24 1 0 0 1 2 0 1 0 0 0 4 2 0 0 2 0 0 0 19 0 0 34 0 0 5 3 3 1 4 0 1 1 0 3 0 4 0 2 0 6 0 0 0 0 0 0 7 0 4 1 27 0 1 1 4 0 0 0 20 0 0 0 0 4 2 1 1 1 0 0 0
0.5046082949308756  0 0 0 1 1 0 0 0 0 1 0 0 0 0 0 0 6 0 0 0 0 0 0 0 0 0 0 0 0 0 0 0 0 0 0 0 0 1 0 0 0 0 0 0 1 1 1 0 14 1 0 1 0 2 0 2 0 0 0 0 1 0 1 0 0 1 1 0 0 0 0 0 0 0 0 3 0 58 2 0 0 0 0 0 0 1 0 0 0 5 12 0 16 2 0 0 0 0
0.4733994589720469  5 0 2 0 0 3 0 0 1 0 0 0 0 0 0 0 3 1 0 0 0 0 0 0 0 0 0 0 0 0 0 4 0 0 0 0 0 4 0 0 0 0 0 0 0 1 0 0 29 2 0 0 0 0 0 0 0 0 0 0 0 0 0 3 0 0 0 0 3 0 0 0 0 0 0 4 0 46 0 0 0 0 0 55 0 33 0 0 0 0 6 0 0 0 0 0 0 0
0.4917075449661294  0 0 0 0 0 0 0 0 0 0 0 0 2 1 0 0 2 0 0 0 0 0 0 0 6 0 0 0 0 0 0 1 0 0 0 0 0 2 0 0 0 0 0 0 0 25 0 0 6 0 0 0 0 0 0 0 0 0 0 0 0 0 5 0 1 0 3 0 0 0 0 0 0 3 0 0 0 81 0 0 0 0 0 1 0 4 0 0 0 0 0 0 2 0 0 0 0 0
0.5200374531835206  4 15 1 0 0 35 0 0 0 1 0 2 0 0 2 0 4 0 0 0 0 0 0 0 34 0 1 0 1 0 0 9 0 0 0 0 0 0 1 2 0 3 1 0 0 20 3 0 18 0 0 1 3 3 0 0 0 0 0 1 2 0 1 0 3 0 2 0 1 0 0 1 0 3 0 9 0 3 2 3 2 0 0 3 0 135 1 1 0 0 9 0 2 1 2 0 0 0
0.5197177251971773  48 47 5 8 6 281 6 1 1 0 0 5 0 0 0 4 7 2 0 0 3 1 0 3 348 0 39 0 2 0 2 1 3 3 0 11 0 8 0 0 10 9 0 15 8 168 22 0 126 4 0 39 27 16 0 23 6 0 0 54 11 5 15 3 2 2 11 0 2 0 1 0 14 20 0 10 2 63 24 6 5 0 1 20 0 152 27 0 44 14 9 2 19 2 29 1 0 0
0.5186023940472339  14 4 0 13 5 8 0 0 0 0 0 0 0 0 0 0 5 0 1 0 1 0 0 0 7 0 3 0 1 0 0 10 0 0 0 0 0 7 10 1 0 1 0 0 0 0 3 0 41 0 0 3 3 3 0 1 0 19 4 0 1 0 9 0 4 0 10 0 0 0 6 0 0 2 0 0 0 42 6 0 0 1 15 0 0 34 0 0 0 14 9 2 10 0 1 0 0 0
0.5266244790862787  0 1 0 0 0 0 0 0 1 0 0 0 0 0 0 0 0 1 0 0 0 0 0 0 1 0 0 0 0 0 0 0 0 0 0 0 0 1 0 0 0 0 0 0 0 0 1 0 8 0 2 0 0 0 0 0 0 1 3 0 0 0 0 0 0 0 1 0 0 0 0 0 0 0 0 0 0 86 0 1 0 0 0 0 0 0 0 0 0 0 1 0 2 0 0 0 0 0
0.4996243425995492  7 11 1 2 0 20 0 0 0 0 0 0 1 0 0 0 4 3 0 0 0 1 0 0 17 0 3 0 1 0 0 8 6 2 0 0 0 21 0 3 0 4 0 0 0 11 2 0 18 1 0 6 0 5 0 2 0 2 2 0 3 0 2 3 0 1 4 0 0 0 0 0 1 2 0 5 0 47 0 2 2 1 0 0 0 4 1 1 1 1 1 4 0 2 4 0 0 0
0.5239242685025818  0 6 0 1 0 6 0 1 0 0 0 0 0 0 0 0 1 0 0 0 0 0 0 0 4 0 0 0 0 0 0 4 1 0 0 0 0 3 0 0 2 0 0 0 0 3 0 0 8 0 0 1 3 1 0 2 0 1 0 1 0 0 4 8 1 0 1 0 0 0 0 0 0 0 0 0 0 67 0 0 0 0 0 0 0 1 0 0 0 2 1 0 3 0 0 0 1 0
0.4479166666666667  1 0 0 5 0 37 0 0 0 0 0 0 0 0 0 0 2 0 0 0 1 0 0 0 39 0 0 0 0 0 0 1 0 0 0 0 0 22 0 0 0 0 0 0 0 19 0 0 31 0 0 0 0 16 0 0 0 0 0 0 2 0 1 0 0 0 6 0 0 0 0 0 0 2 0 2 0 28 0 0 2 3 0 0 0 16 0 0 0 0 0 0 1 0 0 0 0 0
0.5276663993584603  1 8 0 0 0 13 0 0 1 0 0 0 0 0 0 0 4 0 1 0 0 0 0 0 18 0 11 0 1 0 0 3 1 0 0 0 0 10 1 5 0 2 0 0 1 11 5 0 238 5 1 7 1 2 0 3 0 0 0 0 4 0 8 9 3 3 2 0 0 0 0 0 0 5 0 7 0 129 0 4 3 0 0 0 0 5 1 0 0 0 16 3 71 1 2 0 0 0
0.5160468670402445  3 157 0 1 0 82 0 0 0 0 0 0 0 0 6 2 3 9 0 0 0 0 0 1 40 0 32 0 6 0 0 85 3 0 0 0 0 24 0 3 2 1 0 0 13 118 3 0 35 4 0 24 35 14 0 2 0 1 0 6 11 0 18 1 6 5 4 0 0 13 0 0 0 15 0 27 0 42 20 14 14 2 0 22 0 70 0 0 9 5 72 0 16 7 1 0 0 0
0.40097799511002447  7 0 0 0 0 9 0 0 0 0 0 0 0 0 0 0 16 1 0 0 0 0 0 0 4 0 0 0 1 0 0 0 0 0 0 0 0 27 0 0 0 0 0 0 0 0 1 0 7 6 2 3 0 5 0 0 0 0 0 0 0 0 0 0 4 0 0 0 0 0 0 0 0 0 0 0 0 179 2 0 0 0 0 0 0 22 0 0 0 9 0 0 4 0 0 0 0 0
0.5285714285714286  0 1 0 0 0 6 0 0 0 0 0 0 0 0 0 0 3 0 0 0 0 0 0 0 7 0 0 0 0 0 0 0 0 0 0 0 0 8 0 0 0 1 0 0 2 2 2 0 22 0 0 0 0 0 0 0 0 0 0 0 1 0 1 0 0 0 0 0 0 0 0 0 0 0 0 3 0 22 2 0 0 0 0 0 0 70 0 0 0 0 3 0 9 0 0 0 0 0
0.6015037593984962  1 1 0 4 0 40 0 0 0 0 0 0 0 0 0 0 6 0 4 0 0 0 0 0 21 0 1 0 0 0 0 4 0 0 0 0 0 1 0 1 1 0 0 0 0 8 0 0 86 0 1 0 0 7 0 0 0 0 0 0 6 0 2 16 6 2 0 0 0 0 0 0 0 4 0 3 0 16 0 0 0 0 0 0 0 1 0 0 0 3 41 0 2 3 0 0 0 0
0.5127572016460905  5 2 0 0 0 0 0 0 0 0 0 0 0 0 0 0 0 5 0 0 0 0 0 0 2 0 0 0 0 0 0 0 0 0 0 0 0 28 0 0 0 0 0 0 0 0 0 0 0 0 0 0 0 0 0 0 0 0 0 0 0 0 0 0 0 0 0 0 1 0 0 0 0 0 0 0 0 57 0 0 0 0 0 2 0 10 0 0 0 0 4 0 0 0 0 0 0 0
0.5391156462585034  1 2 0 0 0 0 0 0 0 0 0 0 0 0 0 0 1 4 0 0 0 0 0 0 0 0 0 0 0 0 0 0 0 0 0 0 0 1 0 0 0 0 0 0 0 1 0 0 28 0 0 0 0 0 0 0 0 3 0 0 0 0 0 0 0 0 1 0 3 0 0 0 0 0 0 0 0 58 0 1 0 2 0 3 0 5 0 0 0 0 0 0 1 0 0 0 0 0
0.5054788961038961  8 4 0 0 0 7 0 0 0 0 0 0 0 0 0 1 1 0 0 0 0 0 0 0 6 0 1 0 1 0 0 1 1 0 0 0 0 1 2 0 0 1 0 0 0 4 0 0 10 0 0 2 1 1 0 2 0 2 0 0 1 0 3 2 0 0 1 0 0 0 0 0 0 4 0 5 0 86 1 4 0 0 0 0 0 28 3 0 0 1 8 1 3 3 0 0 1 0
0.4009433962264151  12 2 0 0 0 2 0 0 0 0 0 0 0 0 0 0 0 0 0 0 0 0 0 0 2 0 0 0 0 0 0 0 0 0 0 0 0 0 0 0 0 0 2 0 0 0 0 0 1 0 0 0 3 0 0 0 0 0 0 0 0 0 0 0 0 0 0 0 0 0 0 0 0 0 0 0 0 1 0 0 0 0 0 0 0 0 0 0 0 0 0 0 1 0 1 0 0 0
0.5044271532063321  4 8 0 1 1 18 0 0 0 0 0 0 0 0 0 1 0 6 0 0 7 0 0 0 8 1 1 0 0 0 0 4 3 1 0 0 0 1 0 1 0 0 0 0 0 4 0 0 23 0 0 2 0 1 0 0 0 0 0 2 2 0 3 0 0 1 1 0 0 0 0 0 0 0 0 4 0 10 0 0 0 0 0 0 0 22 1 0 2 0 7 7 0 3 0 0 0 0
0.4733994589720469  5 0 2 0 0 3 0 0 1 0 0 0 0 0 0 0 3 1 0 0 0 0 0 0 0 0 0 0 0 0 0 4 0 0 0 0 0 4 0 0 0 0 0 0 0 1 0 0 29 2 0 0 0 0 0 0 0 0 0 0 0 0 0 3 0 0 0 0 3 0 0 0 0 0 0 4 0 46 0 0 0 0 0 55 0 33 0 0 0 0 6 0 0 0 0 0 0 0
0.5200374531835206  4 15 1 0 0 35 0 0 0 1 0 2 0 0 2 0 4 0 0 0 0 0 0 0 34 0 1 0 1 0 0 9 0 0 0 0 0 0 1 2 0 3 1 0 0 20 3 0 18 0 0 1 3 3 0 0 0 0 0 1 2 0 1 0 3 0 2 0 1 0 0 1 0 3 0 9 0 3 2 3 2 0 0 3 0 135 1 1 0 0 9 0 2 1 2 0 0 0
0.5075669383003493  1 9 0 1 0 17 0 0 0 0 0 0 1 0 0 2 8 0 0 0 1 0 0 0 37 0 1 0 0 0 0 0 1 1 0 0 0 3 2 1 1 1 24 0 1 14 0 0 10 0 1 0 5 7 0 0 0 0 0 4 0 0 0 0 2 1 1 0 0 3 0 0 0 1 0 6 0 16 0 3 2 0 0 0 0 6 1 0 2 0 12 0 2 1 0 0 0 0
0.520952380952381  0 27 0 0 0 3 0 0 2 1 0 0 0 0 0 1 1 3 2 0 0 0 0 0 0 0 5 0 0 0 0 1 0 0 3 0 0 1 0 0 0 0 0 0 5 13 6 0 20 1 0 0 1 2 0 0 0 1 0 0 3 0 1 0 2 1 1 0 0 0 1 0 0 2 0 3 0 28 0 0 0 1 0 0 0 20 0 0 1 0 4 1 6 0 6 0 0 0
0.5450418994413407  5 1 0 0 0 2 2 0 0 0 0 0 0 0 0 0 5 0 0 0 0 0 0 0 9 0 0 1 1 0 0 0 0 1 0 0 0 13 0 1 0 0 0 0 2 9 1 0 1 0 0 4 4 0 0 0 0 0 0 0 2 0 6 3 1 8 0 0 0 0 0 2 0 2 0 3 0 30 1 0 1 0 0 0 0 12 0 0 0 2 3 0 4 1 2 0 0 0
0.5078325263457705  3 7 1 0 0 4 0 0 0 0 0 0 0 0 0 0 4 0 0 0 0 0 0 0 1 0 0 0 0 0 0 1 0 0 0 0 0 13 0 0 0 0 4 0 0 3 0 0 12 0 0 1 1 4 0 0 0 0 0 1 0 0 2 0 0 0 1 0 3 0 0 0 0 0 0 0 0 21 10 1 0 0 0 4 0 11 0 0 0 0 2 0 4 1 5 0 0 0
0.5379803395889187  1 12 0 1 0 14 0 0 0 3 0 0 0 0 0 2 3 1 0 0 0 0 1 0 13 0 5 0 0 0 0 1 0 2 2 0 0 3 1 1 0 1 2 0 2 8 2 0 22 0 0 5 1 0 0 2 1 1 0 0 2 0 1 0 1 0 1 0 0 2 0 0 0 1 0 4 0 29 1 0 0 1 0 0 0 13 0 0 0 2 7 1 8 0 0 3 1 0
0.5197177251971773  48 47 5 8 6 281 6 1 1 0 0 5 0 0 0 4 7 2 0 0 3 1 0 3 348 0 39 0 2 0 2 1 3 3 0 11 0 8 0 0 10 9 0 15 8 168 22 0 126 4 0 39 27 16 0 23 6 0 0 54 11 5 15 3 2 2 11 0 2 0 1 0 14 20 0 10 2 63 24 6 5 0 1 20 0 152 27 0 44 14 9 2 19 2 29 1 0 0
0.5186023940472339  14 4 0 13 5 8 0 0 0 0 0 0 0 0 0 0 5 0 1 0 1 0 0 0 7 0 3 0 1 0 0 10 0 0 0 0 0 7 10 1 0 1 0 0 0 0 3 0 41 0 0 3 3 3 0 1 0 19 4 0 1 0 9 0 4 0 10 0 0 0 6 0 0 2 0 0 0 42 6 0 0 1 15 0 0 34 0 0 0 14 9 2 10 0 1 0 0 0
0.49760306807286675  6 3 0 0 3 2 0 0 0 0 0 0 0 0 0 0 1 0 3 0 0 0 0 0 12 0 4 0 0 0 0 0 0 0 0 0 0 0 0 0 0 0 0 0 0 1 0 0 10 0 0 0 1 0 0 0 0 0 0 0 2 0 0 2 0 1 0 0 0 0 0 0 0 1 0 7 0 15 0 1 0 0 0 0 0 5 0 0 0 0 2 0 9 0 0 0 0 0
0.5173961840628507  10 3 0 0 0 9 0 0 0 1 0 0 0 0 0 0 4 0 0 0 0 0 0 0 6 0 0 0 0 0 0 0 0 0 0 0 0 0 0 0 0 0 0 0 0 4 0 0 2 0 0 0 0 2 0 0 0 0 0 0 2 0 0 4 0 0 0 0 0 0 0 0 0 0 0 10 0 7 0 0 0 0 0 0 0 1 0 0 0 0 2 0 0 0 3 0 0 0
0.4996243425995492  7 11 1 2 0 20 0 0 0 0 0 0 1 0 0 0 4 3 0 0 0 1 0 0 17 0 3 0 1 0 0 8 6 2 0 0 0 21 0 3 0 4 0 0 0 11 2 0 18 1 0 6 0 5 0 2 0 2 2 0 3 0 2 3 0 1 4 0 0 0 0 0 1 2 0 5 0 47 0 2 2 1 0 0 0 4 1 1 1 1 1 4 0 2 4 0 0 0
0.4479166666666667  1 0 0 5 0 37 0 0 0 0 0 0 0 0 0 0 2 0 0 0 1 0 0 0 39 0 0 0 0 0 0 1 0 0 0 0 0 22 0 0 0 0 0 0 0 19 0 0 31 0 0 0 0 16 0 0 0 0 0 0 2 0 1 0 0 0 6 0 0 0 0 0 0 2 0 2 0 28 0 0 2 3 0 0 0 16 0 0 0 0 0 0 1 0 0 0 0 0
0.5276663993584603  1 8 0 0 0 13 0 0 1 0 0 0 0 0 0 0 4 0 1 0 0 0 0 0 18 0 11 0 1 0 0 3 1 0 0 0 0 10 1 5 0 2 0 0 1 11 5 0 238 5 1 7 1 2 0 3 0 0 0 0 4 0 8 9 3 3 2 0 0 0 0 0 0 5 0 7 0 129 0 4 3 0 0 0 0 5 1 0 0 0 16 3 71 1 2 0 0 0
0.5160468670402445  3 157 0 1 0 82 0 0 0 0 0 0 0 0 6 2 3 9 0 0 0 0 0 1 40 0 32 0 6 0 0 85 3 0 0 0 0 24 0 3 2 1 0 0 13 118 3 0 35 4 0 24 35 14 0 2 0 1 0 6 11 0 18 1 6 5 4 0 0 13 0 0 0 15 0 27 0 42 20 14 14 2 0 22 0 70 0 0 9 5 72 0 16 7 1 0 0 0
0.40097799511002447  7 0 0 0 0 9 0 0 0 0 0 0 0 0 0 0 16 1 0 0 0 0 0 0 4 0 0 0 1 0 0 0 0 0 0 0 0 27 0 0 0 0 0 0 0 0 1 0 7 6 2 3 0 5 0 0 0 0 0 0 0 0 0 0 4 0 0 0 0 0 0 0 0 0 0 0 0 179 2 0 0 0 0 0 0 22 0 0 0 9 0 0 4 0 0 0 0 0
0.511238431026884  15 2 0 0 3 12 0 0 0 0 0 0 0 0 0 0 3 0 0 0 15 0 0 0 5 0 0 0 0 0 0 2 0 0 0 0 0 6 2 0 0 0 0 0 0 3 0 0 12 0 0 0 0 1 0 0 0 0 1 0 1 0 7 5 1 1 0 0 0 0 0 0 0 2 0 1 0 9 9 0 0 0 0 0 0 1 0 0 0 0 6 0 1 4 0 0 0 0
0.6015037593984962  1 1 0 4 0 40 0 0 0 0 0 0 0 0 0 0 6 0 4 0 0 0 0 0 21 0 1 0 0 0 0 4 0 0 0 0 0 1 0 1 1 0 0 0 0 8 0 0 86 0 1 0 0 7 0 0 0 0 0 0 6 0 2 16 6 2 0 0 0 0 0 0 0 4 0 3 0 16 0 0 0 0 0 0 0 1 0 0 0 3 41 0 2 3 0 0 0 0
0.508527671423599  4 0 0 3 0 17 1 0 0 0 0 0 0 0 0 0 3 0 0 0 16 0 0 0 13 0 0 0 0 0 0 10 0 0 0 0 0 3 0 0 0 0 0 0 0 22 0 0 5 0 0 0 3 5 1 2 0 3 0 0 1 0 0 0 0 0 2 0 0 0 0 0 1 0 0 1 0 2 0 1 3 2 0 0 0 0 0 0 0 1 2 11 0 0 0 0 0 0
0.48533333333333334  10 0 0 0 0 6 0 0 0 0 0 0 0 0 0 0 2 0 0 0 0 0 0 0 5 0 1 0 0 0 0 0 0 0 0 0 0 4 0 2 0 0 0 0 0 6 3 0 1 0 0 0 1 2 0 0 0 0 0 0 0 0 1 0 1 0 7 0 0 0 0 0 0 0 0 0 0 12 0 0 0 0 0 0 0 1 0 0 0 2 0 0 0 0 0 0 0 0
0.554635761589404  4 0 0 4 1 5 0 0 0 0 0 0 0 0 0 0 12 0 0 0 1 0 0 0 15 0 2 0 0 0 0 4 1 1 2 0 0 4 1 1 0 2 7 0 0 20 1 0 19 2 0 0 4 1 0 0 0 3 0 0 0 0 0 2 1 0 7 0 0 0 2 0 0 1 0 2 0 22 4 0 2 1 0 0 0 9 0 0 0 0 8 5 5 0 1 0 0 0
0.5054788961038961  8 4 0 0 0 7 0 0 0 0 0 0 0 0 0 1 1 0 0 0 0 0 0 0 6 0 1 0 1 0 0 1 1 0 0 0 0 1 2 0 0 1 0 0 0 4 0 0 10 0 0 2 1 1 0 2 0 2 0 0 1 0 3 2 0 0 1 0 0 0 0 0 0 4 0 5 0 86 1 4 0 0 0 0 0 28 3 0 0 1 8 1 3 3 0 0 1 0
0.4946695095948827  15 0 0 2 0 0 0 0 0 0 0 0 0 0 0 0 5 0 0 0 13 0 0 0 11 1 0 0 5 0 0 2 1 0 0 0 0 21 0 0 0 1 9 0 1 2 3 0 15 0 0 0 0 2 0 0 0 1 0 0 0 0 1 0 3 0 1 0 0 0 0 1 0 2 0 0 0 24 5 0 0 4 0 0 0 9 0 0 0 37 0 1 0 1 0 0 0 0
