0.4009433962264151  12 2 0 0 0 2 0 0 0 0 0 0 0 0 0 0 0 0 0 0 0 0 0 0 2 0 0 0 0 0 0 0 0 0 0 0 0 0 0 0 0 0 2 0 0 0 0 0 1 0 0 0 3 0 0 0 0 0 0 0 0 0 0 0 0 0 0 0 0 0 0 0 0 0 0 0 0 1 0 0 0 0 0 0 0 0 0 0 0 0 0 0 1 0 1 0 0 0
0.5044271532063321  4 8 0 1 1 18 0 0 0 0 0 0 0 0 0 1 0 6 0 0 7 0 0 0 8 1 1 0 0 0 0 4 3 1 0 0 0 1 0 1 0 0 0 0 0 4 0 0 23 0 0 2 0 1 0 0 0 0 0 2 2 0 3 0 0 1 1 0 0 0 0 0 0 0 0 4 0 10 0 0 0 0 0 0 0 22 1 0 2 0 7 7 0 3 0 0 0 0
0.5235975066785397  0 8 0 5 1 1 0 0 0 0 0 0 0 0 0 0 4 0 1 0 0 0 0 0 9 0 1 0 2 0 0 1 0 0 0 12 0 17 0 0 0 5 0 0 0 5 0 0 7 0 0 2 1 4 0 6 0 2 0 0 8 0 3 0 0 0 0 0 0 0 0 0 0 1 0 3 0 41 1 1 0 0 0 0 0 8 0 0 1 3 1 0 1 1 1 0 0 2
0.509656652360515  1 4 0 0 0 11 0 0 0 0 0 0 0 1 0 0 3 0 0 0 0 0 0 0 3 0 9 0 0 0 0 0 1 0 0 0 0 0 1 0 0 1 1 0 0 5 1 0 19 4 0 6 1 4 0 2 0 0 0 0 2 0 0 1 1 6 2 0 0 0 0 0 0 0 0 4 0 89 0 1 0 0 4 0 0 0 0 1 0 0 8 0 1 2 0 0 0 0
0.5046082949308756  0 0 0 1 1 0 0 0 0 1 0 0 0 0 0 0 6 0 0 0 0 0 0 0 0 0 0 0 0 0 0 0 0 0 0 0 0 1 0 0 0 0 0 0 1 1 1 0 14 1 0 1 0 2 0 2 0 0 0 0 1 0 1 0 0 1 1 0 0 0 0 0 0 0 0 3 0 58 2 0 0 0 0 0 0 1 0 0 0 5 12 0 16 2 0 0 0 0
0.4733994589720469  5 0 2 0 0 3 0 0 1 0 0 0 0 0 0 0 3 1 0 0 0 0 0 0 0 0 0 0 0 0 0 4 0 0 0 0 0 4 0 0 0 0 0 0 0 1 0 0 29 2 0 0 0 0 0 0 0 0 0 0 0 0 0 3 0 0 0 0 3 0 0 0 0 0 0 4 0 46 0 0 0 0 0 55 0 33 0 0 0 0 6 0 0 0 0 0 0 0
0.5270316218973138  3 0 1 0 0 0 0 0 3 0 0 3 0 0 0 0 2 0 0 0 0 0 0 0 1 0 0 0 0 0 0 0 0 0 0 0 0 2 0 0 0 0 0 0 0 0 0 0 10 0 0 0 0 0 0 0 0 0 0 0 0 3 0 0 0 0 0 0 1 0 0 0 0 3 0 7 0 49 0 0 0 0 0 6 0 26 0 0 0 0 1 0 0 0 0 0 0 0
0.5396825396825397  0 3 0 1 0 3 0 0 1 0 0 0 0 0 0 0 1 0 0 0 0 0 0 0 13 0 0 0 0 0 0 1 0 0 0 0 0 1 0 0 0 0 0 0 0 0 0 0 45 0 0 0 0 0 0 0 0 0 0 0 0 0 0 2 0 0 0 0 0 0 0 0 0 0 0 5 0 27 0 0 0 0 0 0 0 2 0 0 0 0 3 0 0 0 0 0 0 0
0.520952380952381  0 27 0 0 0 3 0 0 2 1 0 0 0 0 0 1 1 3 2 0 0 0 0 0 0 0 5 0 0 0 0 1 0 0 3 0 0 1 0 0 0 0 0 0 5 13 6 0 20 1 0 0 1 2 0 0 0 1 0 0 3 0 1 0 2 1 1 0 0 0 1 0 0 2 0 3 0 28 0 0 0 1 0 0 0 20 0 0 1 0 4 1 6 0 6 0 0 0
0.4941065535124941  0 14 0 1 0 0 1 0 0 0 0 0 0 0 0 0 4 1 0 0 0 0 0 0 14 1 2 0 3 0 0 0 0 1 2 1 0 6 0 0 0 0 0 0 0 9 0 0 18 0 0 0 1 3 1 2 0 0 1 0 3 0 1 0 3 3 1 0 0 0 0 0 0 1 0 3 0 18 4 1 1 0 0 0 0 4 0 0 0 0 3 7 0 0 0 0 0 0
0.5245700245700246  1 0 0 0 0 1 0 0 0 0 0 0 1 0 0 0 0 2 0 0 1 0 0 3 1 0 0 0 0 0 0 0 0 1 0 0 0 0 0 0 0 0 0 0 0 3 0 0 10 0 0 0 0 0 0 0 0 0 0 0 0 0 0 0 1 0 0 0 0 0 0 0 0 1 0 0 0 49 0 0 0 0 0 0 0 0 0 0 0 2 0 2 17 0 2 0 0 0
0.5450418994413407  5 1 0 0 0 2 2 0 0 0 0 0 0 0 0 0 5 0 0 0 0 0 0 0 9 0 0 1 1 0 0 0 0 1 0 0 0 13 0 1 0 0 0 0 2 9 1 0 1 0 0 4 4 0 0 0 0 0 0 0 2 0 6 3 1 8 0 0 0 0 0 2 0 2 0 3 0 30 1 0 1 0 0 0 0 12 0 0 0 2 3 0 4 1 2 0 0 0
0.520368574199806  0 4 0 0 0 8 0 0 3 0 0 0 0 0 0 1 2 0 0 0 0 0 0 1 11 0 4 0 0 0 0 4 2 2 0 0 0 0 0 3 0 0 0 0 0 6 0 0 12 0 0 0 9 1 0 0 1 0 0 0 1 0 2 0 5 0 0 0 0 1 0 0 0 10 0 1 0 9 5 3 0 1 0 6 0 2 0 0 0 0 3 2 0 0 3 0 0 0
0.5078325263457705  3 7 1 0 0 4 0 0 0 0 0 0 0 0 0 0 4 0 0 0 0 0 0 0 1 0 0 0 0 0 0 1 0 0 0 0 0 13 0 0 0 0 4 0 0 3 0 0 12 0 0 1 1 4 0 0 0 0 0 1 0 0 2 0 0 0 1 0 3 0 0 0 0 0 0 0 0 21 10 1 0 0 0 4 0 11 0 0 0 0 2 0 4 1 5 0 0 0
0.5021682567215958  2 3 0 0 0 2 0 0 0 0 0 0 0 0 0 0 3 6 0 0 0 0 0 0 21 0 0 0 1 0 0 2 0 0 0 0 0 19 0 0 0 1 0 0 0 5 4 0 5 0 0 0 4 15 0 1 0 0 0 0 2 0 0 0 1 0 1 0 0 0 0 0 0 0 0 2 1 24 3 0 5 2 0 0 0 33 0 0 0 1 0 2 2 2 7 0 0 3
0.5186023940472339  14 4 0 13 5 8 0 0 0 0 0 0 0 0 0 0 5 0 1 0 1 0 0 0 7 0 3 0 1 0 0 10 0 0 0 0 0 7 10 1 0 1 0 0 0 0 3 0 41 0 0 3 3 3 0 1 0 19 4 0 1 0 9 0 4 0 10 0 0 0 6 0 0 2 0 0 0 42 6 0 0 1 15 0 0 34 0 0 0 14 9 2 10 0 1 0 0 0
0.5266244790862787  0 1 0 0 0 0 0 0 1 0 0 0 0 0 0 0 0 1 0 0 0 0 0 0 1 0 0 0 0 0 0 0 0 0 0 0 0 1 0 0 0 0 0 0 0 0 1 0 8 0 2 0 0 0 0 0 0 1 3 0 0 0 0 0 0 0 1 0 0 0 0 0 0 0 0 0 0 86 0 1 0 0 0 0 0 0 0 0 0 0 1 0 2 0 0 0 0 0
0.49760306807286675  6 3 0 0 3 2 0 0 0 0 0 0 0 0 0 0 1 0 3 0 0 0 0 0 12 0 4 0 0 0 0 0 0 0 0 0 0 0 0 0 0 0 0 0 0 1 0 0 10 0 0 0 1 0 0 0 0 0 0 0 2 0 0 2 0 1 0 0 0 0 0 0 0 1 0 7 0 15 0 1 0 0 0 0 0 5 0 0 0 0 2 0 9 0 0 0 0 0
0.5173961840628507  10 3 0 0 0 9 0 0 0 1 0 0 0 0 0 0 4 0 0 0 0 0 0 0 6 0 0 0 0 0 0 0 0 0 0 0 0 0 0 0 0 0 0 0 0 4 0 0 2 0 0 0 0 2 0 0 0 0 0 0 2 0 0 4 0 0 0 0 0 0 0 0 0 0 0 10 0 7 0 0 0 0 0 0 0 1 0 0 0 0 2 0 0 0 3 0 0 0
0.5239242685025818  0 6 0 1 0 6 0 1 0 0 0 0 0 0 0 0 1 0 0 0 0 0 0 0 4 0 0 0 0 0 0 4 1 0 0 0 0 3 0 0 2 0 0 0 0 3 0 0 8 0 0 1 3 1 0 2 0 1 0 1 0 0 4 8 1 0 1 0 0 0 0 0 0 0 0 0 0 67 0 0 0 0 0 0 0 1 0 0 0 2 1 0 3 0 0 0 1 0
0.486  2 2 0 0 0 3 0 0 0 0 0 0 0 0 0 0 7 0 0 0 0 0 0 0 4 0 0 0 0 0 0 0 0 0 0 1 0 13 0 0 0 0 0 0 0 0 0 0 5 0 0 1 1 2 0 0 0 0 0 0 1 0 0 0 0 1 0 0 0 0 0 0 0 0 0 3 0 20 0 0 0 0 0 0 0 7 0 0 0 0 0 0 20 0 0 0 0 0
0.511238431026884  15 2 0 0 3 12 0 0 0 0 0 0 0 0 0 0 3 0 0 0 15 0 0 0 5 0 0 0 0 0 0 2 0 0 0 0 0 6 2 0 0 0 0 0 0 3 0 0 12 0 0 0 0 1 0 0 0 0 1 0 1 0 7 5 1 1 0 0 0 0 0 0 0 2 0 1 0 9 9 0 0 0 0 0 0 1 0 0 0 0 6 0 1 4 0 0 0 0
0.5127572016460905  5 2 0 0 0 0 0 0 0 0 0 0 0 0 0 0 0 5 0 0 0 0 0 0 2 0 0 0 0 0 0 0 0 0 0 0 0 28 0 0 0 0 0 0 0 0 0 0 0 0 0 0 0 0 0 0 0 0 0 0 0 0 0 0 0 0 0 0 1 0 0 0 0 0 0 0 0 57 0 0 0 0 0 2 0 10 0 0 0 0 4 0 0 0 0 0 0 0
0.4946767474155223  1 8 0 0 0 2 0 0 0 0 0 0 0 0 0 0 1 1 0 0 0 0 0 0 1 0 0 0 0 0 1 2 1 0 0 0 0 0 0 0 0 0 0 0 0 5 1 0 43 0 1 1 0 2 0 0 0 0 0 0 1 0 0 1 0 1 1 0 0 0 0 0 0 0 0 5 0 21 0 0 0 0 0 0 0 24 0 0 0 0 23 0 4 8 2 0 0 0
0.5391156462585034  1 2 0 0 0 0 0 0 0 0 0 0 0 0 0 0 1 4 0 0 0 0 0 0 0 0 0 0 0 0 0 0 0 0 0 0 0 1 0 0 0 0 0 0 0 1 0 0 28 0 0 0 0 0 0 0 0 3 0 0 0 0 0 0 0 0 1 0 3 0 0 0 0 0 0 0 0 58 0 1 0 2 0 3 0 5 0 0 0 0 0 0 1 0 0 0 0 0
0.48533333333333334  10 0 0 0 0 6 0 0 0 0 0 0 0 0 0 0 2 0 0 0 0 0 0 0 5 0 1 0 0 0 0 0 0 0 0 0 0 4 0 2 0 0 0 0 0 6 3 0 1 0 0 0 1 2 0 0 0 0 0 0 0 0 1 0 1 0 7 0 0 0 0 0 0 0 0 0 0 12 0 0 0 0 0 0 0 1 0 0 0 2 0 0 0 0 0 0 0 0
0.5056344928956394  1 1 0 0 1 9 0 0 0 0 0 0 0 0 0 0 4 1 0 0 0 0 0 0 0 0 1 0 3 0 0 0 0 0 0 0 0 0 0 0 0 0 0 0 0 1 0 0 6 2 0 0 0 0 0 0 0 0 0 0 0 0 0 2 0 0 3 0 0 0 0 0 0 0 0 0 0 60 2 0 0 0 0 0 0 0 1 0 0 1 2 0 0 4 0 0 0 0
0.5054788961038961  8 4 0 0 0 7 0 0 0 0 0 0 0 0 0 1 1 0 0 0 0 0 0 0 6 0 1 0 1 0 0 1 1 0 0 0 0 1 2 0 0 1 0 0 0 4 0 0 10 0 0 2 1 1 0 2 0 2 0 0 1 0 3 2 0 0 1 0 0 0 0 0 0 4 0 5 0 86 1 4 0 0 0 0 0 28 3 0 0 1 8 1 3 3 0 0 1 0
0.4946695095948827  15 0 0 2 0 0 0 0 0 0 0 0 0 0 0 0 5 0 0 0 13 0 0 0 11 1 0 0 5 0 0 2 1 0 0 0 0 21 0 0 0 1 9 0 1 2 3 0 15 0 0 0 0 2 0 0 0 1 0 0 0 0 1 0 3 0 1 0 0 0 0 1 0 2 0 0 0 24 5 0 0 4 0 0 0 9 0 0 0 37 0 1 0 1 0 0 0 0
