0.5173240938166311  0 5 0 2 0 10 1 0 0 0 0 1 0 0 0 0 4 0 0 0 0 0 0 1 9 0 1 0 0 0 0 2 4 1 0 0 0 0 0 0 0 0 0 0 2 6 1 0 10 0 0 3 1 2 0 0 0 0 0 0 0 0 0 0 3 1 3 0 0 3 0 0 0 0 0 6 1 7 1 0 0 0 0 2 0 16 0 0 3 0 1 0 7 0 3 0 0 0
0.5461943513642892  0 7 0 0 0 0 0 0 0 0 0 0 0 0 0 1 4 0 0 0 1 0 0 1 7 0 0 0 0 0 0 1 0 0 0 0 0 1 0 1 1 0 0 0 0 1 2 0 6 0 0 0 0 1 0 0 0 0 0 1 5 0 0 0 0 1 0 0 0 0 0 1 0 2 0 3 0 10 0 1 0 0 0 0 0 7 0 0 0 0 3 0 5 3 0 0 1 0
0.6367521367521367  0 0 0 1 1 18 0 1 0 0 3 0 0 0 0 0 0 0 0 0 12 0 0 0 15 0 0 0 0 0 0 0 0 0 0 1 0 0 0 0 0 0 0 0 0 19 0 0 0 0 0 0 6 0 0 2 0 1 0 0 0 0 0 0 5 0 12 0 0 0 0 0 0 0 0 1 0 4 3 2 5 1 0 0 0 0 0 0 0 1 0 1 0 0 0 0 0 0
0.5350877192982456  1 0 0 1 0 20 0 0 0 0 0 0 0 0 0 0 4 0 0 0 0 0 0 0 2 0 0 0 1 0 0 1 1 0 0 13 0 5 0 0 0 0 0 0 4 19 1 0 7 6 0 0 0 3 0 0 0 0 0 0 5 0 5 1 0 1 5 0 0 0 0 0 0 0 0 3 0 20 0 1 0 0 0 0 0 87 0 0 0 17 2 0 2 0 1 0 0 0
0.5301645338208409  3 0 0 0 0 0 0 0 0 0 0 0 0 0 0 0 4 0 0 0 0 0 0 0 2 0 0 0 0 0 0 0 0 0 0 0 0 2 0 3 0 0 0 0 0 1 2 0 33 0 0 0 0 0 0 0 0 0 0 0 0 0 0 0 0 0 0 0 0 0 0 0 0 0 0 0 0 8 0 0 0 0 0 0 0 7 0 0 0 0 5 0 4 0 0 0 0 0
0.5044271532063321  4 8 0 1 1 18 0 0 0 0 0 0 0 0 0 1 0 6 0 0 7 0 0 0 8 1 1 0 0 0 0 4 3 1 0 0 0 1 0 1 0 0 0 0 0 4 0 0 23 0 0 2 0 1 0 0 0 0 0 2 2 0 3 0 0 1 1 0 0 0 0 0 0 0 0 4 0 10 0 0 0 0 0 0 0 22 1 0 2 0 7 7 0 3 0 0 0 0
0.5235975066785397  0 8 0 5 1 1 0 0 0 0 0 0 0 0 0 0 4 0 1 0 0 0 0 0 9 0 1 0 2 0 0 1 0 0 0 12 0 17 0 0 0 5 0 0 0 5 0 0 7 0 0 2 1 4 0 6 0 2 0 0 8 0 3 0 0 0 0 0 0 0 0 0 0 1 0 3 0 41 1 1 0 0 0 0 0 8 0 0 1 3 1 0 1 1 1 0 0 2
0.509656652360515  1 4 0 0 0 11 0 0 0 0 0 0 0 1 0 0 3 0 0 0 0 0 0 0 3 0 9 0 0 0 0 0 1 0 0 0 0 0 1 0 0 1 1 0 0 5 1 0 19 4 0 6 1 4 0 2 0 0 0 0 2 0 0 1 1 6 2 0 0 0 0 0 0 0 0 4 0 89 0 1 0 0 4 0 0 0 0 1 0 0 8 0 1 2 0 0 0 0
0.5245437382001259  0 6 2 1 1 2 0 0 0 0 0 0 0 0 0 1 11 2 1 0 0 1 0 1 1 0 12 0 0 0 0 1 0 2 0 0 0 1 0 1 0 1 0 0 0 2 0 0 21 3 0 0 1 3 0 1 0 0 0 0 1 0 1 1 1 2 0 0 0 1 0 0 1 1 0 1 0 30 7 1 0 0 0 0 0 2 0 0 2 2 9 5 2 0 2 0 0 0
0.5366518922604842  0 7 0 1 2 16 1 0 0 0 0 0 0 0 0 0 2 15 0 0 2 0 0 1 55 0 24 1 0 0 1 2 0 1 0 0 0 4 2 0 0 2 0 0 0 19 0 0 34 0 0 5 3 3 1 4 0 1 1 0 3 0 4 0 2 0 6 0 0 0 0 0 0 7 0 4 1 27 0 1 1 4 0 0 0 20 0 0 0 0 4 2 1 1 1 0 0 0
0.5261303581914268  0 4 0 0 0 2 0 0 0 0 0 0 0 0 0 0 2 0 0 0 0 0 0 0 12 0 6 0 0 0 0 0 3 0 0 0 0 23 0 0 0 0 0 0 0 1 0 0 18 1 0 5 0 2 0 4 0 0 0 0 5 0 0 0 0 0 4 0 0 0 0 0 0 0 0 0 0 20 1 5 0 0 0 0 0 0 0 0 1 0 0 0 0 0 0 0 0 0
0.5046082949308756  0 0 0 1 1 0 0 0 0 1 0 0 0 0 0 0 6 0 0 0 0 0 0 0 0 0 0 0 0 0 0 0 0 0 0 0 0 1 0 0 0 0 0 0 1 1 1 0 14 1 0 1 0 2 0 2 0 0 0 0 1 0 1 0 0 1 1 0 0 0 0 0 0 0 0 3 0 58 2 0 0 0 0 0 0 1 0 0 0 5 12 0 16 2 0 0 0 0
0.568241469816273  1 0 0 0 0 5 0 0 0 0 0 0 0 0 0 0 3 0 2 0 0 0 0 0 1 0 0 0 0 0 0 0 2 0 0 0 0 12 0 0 0 2 0 0 0 1 2 0 5 1 0 0 2 3 0 0 0 0 0 0 1 0 0 0 0 1 0 0 0 0 0 0 0 1 0 2 0 17 1 0 0 3 0 0 0 11 0 0 0 0 0 0 3 1 0 0 0 0
0.5220820189274448  0 6 0 2 0 5 0 0 1 0 0 2 0 0 0 0 0 0 0 0 0 0 0 0 6 0 2 0 0 0 0 4 1 0 0 0 0 6 0 0 0 0 0 0 0 11 0 0 10 0 0 1 0 0 0 0 0 0 1 0 1 0 1 0 0 0 1 0 1 1 0 0 0 4 0 0 0 8 0 0 0 0 0 8 0 2 0 0 2 0 3 0 0 1 4 0 0 0
0.4733994589720469  5 0 2 0 0 3 0 0 1 0 0 0 0 0 0 0 3 1 0 0 0 0 0 0 0 0 0 0 0 0 0 4 0 0 0 0 0 4 0 0 0 0 0 0 0 1 0 0 29 2 0 0 0 0 0 0 0 0 0 0 0 0 0 3 0 0 0 0 3 0 0 0 0 0 0 4 0 46 0 0 0 0 0 55 0 33 0 0 0 0 6 0 0 0 0 0 0 0
0.4917075449661294  0 0 0 0 0 0 0 0 0 0 0 0 2 1 0 0 2 0 0 0 0 0 0 0 6 0 0 0 0 0 0 1 0 0 0 0 0 2 0 0 0 0 0 0 0 25 0 0 6 0 0 0 0 0 0 0 0 0 0 0 0 0 5 0 1 0 3 0 0 0 0 0 0 3 0 0 0 81 0 0 0 0 0 1 0 4 0 0 0 0 0 0 2 0 0 0 0 0
0.5200374531835206  4 15 1 0 0 35 0 0 0 1 0 2 0 0 2 0 4 0 0 0 0 0 0 0 34 0 1 0 1 0 0 9 0 0 0 0 0 0 1 2 0 3 1 0 0 20 3 0 18 0 0 1 3 3 0 0 0 0 0 1 2 0 1 0 3 0 2 0 1 0 0 1 0 3 0 9 0 3 2 3 2 0 0 3 0 135 1 1 0 0 9 0 2 1 2 0 0 0
0.5245573957738435  0 2 0 0 0 5 0 0 0 1 0 0 0 0 0 0 2 1 0 0 0 0 0 0 7 0 3 0 0 0 0 1 0 1 1 0 0 1 0 0 0 1 0 0 1 3 0 0 4 0 0 2 2 3 0 0 0 0 0 0 0 0 1 1 0 0 0 0 0 0 0 0 0 1 0 1 0 32 0 0 0 0 0 0 0 2 0 0 0 0 3 4 1 1 1 0 0 0
0.5270316218973138  3 0 1 0 0 0 0 0 3 0 0 3 0 0 0 0 2 0 0 0 0 0 0 0 1 0 0 0 0 0 0 0 0 0 0 0 0 2 0 0 0 0 0 0 0 0 0 0 10 0 0 0 0 0 0 0 0 0 0 0 0 3 0 0 0 0 0 0 1 0 0 0 0 3 0 7 0 49 0 0 0 0 0 6 0 26 0 0 0 0 1 0 0 0 0 0 0 0
0.5396825396825397  0 3 0 1 0 3 0 0 1 0 0 0 0 0 0 0 1 0 0 0 0 0 0 0 13 0 0 0 0 0 0 1 0 0 0 0 0 1 0 0 0 0 0 0 0 0 0 0 45 0 0 0 0 0 0 0 0 0 0 0 0 0 0 2 0 0 0 0 0 0 0 0 0 0 0 5 0 27 0 0 0 0 0 0 0 2 0 0 0 0 3 0 0 0 0 0 0 0
0.5092783505154639  2 5 0 1 0 6 1 0 0 0 0 0 0 0 0 2 7 2 0 0 0 0 0 0 8 0 3 0 0 0 0 5 1 0 0 0 0 4 0 0 0 0 0 0 0 10 1 0 7 0 0 0 0 1 0 1 0 1 1 0 1 0 5 2 0 1 4 0 0 1 1 0 0 0 0 2 0 3 0 1 0 0 1 0 0 6 0 0 1 0 1 0 1 1 0 0 0 0
0.5075669383003493  1 9 0 1 0 17 0 0 0 0 0 0 1 0 0 2 8 0 0 0 1 0 0 0 37 0 1 0 0 0 0 0 1 1 0 0 0 3 2 1 1 1 24 0 1 14 0 0 10 0 1 0 5 7 0 0 0 0 0 4 0 0 0 0 2 1 1 0 0 3 0 0 0 1 0 6 0 16 0 3 2 0 0 0 0 6 1 0 2 0 12 0 2 1 0 0 0 0
0.520952380952381  0 27 0 0 0 3 0 0 2 1 0 0 0 0 0 1 1 3 2 0 0 0 0 0 0 0 5 0 0 0 0 1 0 0 3 0 0 1 0 0 0 0 0 0 5 13 6 0 20 1 0 0 1 2 0 0 0 1 0 0 3 0 1 0 2 1 1 0 0 0 1 0 0 2 0 3 0 28 0 0 0 1 0 0 0 20 0 0 1 0 4 1 6 0 6 0 0 0
0.5209352909189777  0 0 0 0 0 18 0 0 0 0 0 0 0 0 0 0 4 6 0 0 2 0 0 0 2 0 0 0 0 0 0 0 0 1 0 0 0 2 0 0 0 0 0 0 0 4 0 0 10 0 0 1 1 0 0 0 0 1 2 0 0 0 0 5 0 0 0 0 0 0 0 0 0 0 0 0 0 18 0 0 0 1 0 0 0 0 0 0 0 0 0 6 0 1 0 0 0 0
0.4941065535124941  0 14 0 1 0 0 1 0 0 0 0 0 0 0 0 0 4 1 0 0 0 0 0 0 14 1 2 0 3 0 0 0 0 1 2 1 0 6 0 0 0 0 0 0 0 9 0 0 18 0 0 0 1 3 1 2 0 0 1 0 3 0 1 0 3 3 1 0 0 0 0 0 0 1 0 3 0 18 4 1 1 0 0 0 0 4 0 0 0 0 3 7 0 0 0 0 0 0
0.5245700245700246  1 0 0 0 0 1 0 0 0 0 0 0 1 0 0 0 0 2 0 0 1 0 0 3 1 0 0 0 0 0 0 0 0 1 0 0 0 0 0 0 0 0 0 0 0 3 0 0 10 0 0 0 0 0 0 0 0 0 0 0 0 0 0 0 1 0 0 0 0 0 0 0 0 1 0 0 0 49 0 0 0 0 0 0 0 0 0 0 0 2 0 2 17 0 2 0 0 0
0.5450418994413407  5 1 0 0 0 2 2 0 0 0 0 0 0 0 0 0 5 0 0 0 0 0 0 0 9 0 0 1 1 0 0 0 0 1 0 0 0 13 0 1 0 0 0 0 2 9 1 0 1 0 0 4 4 0 0 0 0 0 0 0 2 0 6 3 1 8 0 0 0 0 0 2 0 2 0 3 0 30 1 0 1 0 0 0 0 12 0 0 0 2 3 0 4 1 2 0 0 0
0.520368574199806  0 4 0 0 0 8 0 0 3 0 0 0 0 0 0 1 2 0 0 0 0 0 0 1 11 0 4 0 0 0 0 4 2 2 0 0 0 0 0 3 0 0 0 0 0 6 0 0 12 0 0 0 9 1 0 0 1 0 0 0 1 0 2 0 5 0 0 0 0 1 0 0 0 10 0 1 0 9 5 3 0 1 0 6 0 2 0 0 0 0 3 2 0 0 3 0 0 0
0.5078325263457705  3 7 1 0 0 4 0 0 0 0 0 0 0 0 0 0 4 0 0 0 0 0 0 0 1 0 0 0 0 0 0 1 0 0 0 0 0 13 0 0 0 0 4 0 0 3 0 0 12 0 0 1 1 4 0 0 0 0 0 1 0 0 2 0 0 0 1 0 3 0 0 0 0 0 0 0 0 21 10 1 0 0 0 4 0 11 0 0 0 0 2 0 4 1 5 0 0 0
0.5379803395889187  1 12 0 1 0 14 0 0 0 3 0 0 0 0 0 2 3 1 0 0 0 0 1 0 13 0 5 0 0 0 0 1 0 2 2 0 0 3 1 1 0 1 2 0 2 8 2 0 22 0 0 5 1 0 0 2 1 1 0 0 2 0 1 0 1 0 1 0 0 2 0 0 0 1 0 4 0 29 1 0 0 1 0 0 0 13 0 0 0 2 7 1 8 0 0 3 1 0
0.5268935236004391  0 1 0 1 0 4 0 0 0 0 0 0 0 0 0 0 25 0 1 0 0 0 0 0 14 0 0 0 0 0 0 1 2 1 2 0 0 3 0 0 0 0 0 0 0 7 1 0 0 1 0 0 2 2 0 0 0 0 0 0 4 0 0 0 2 1 0 0 0 0 0 0 0 0 0 4 0 10 0 0 0 0 0 0 0 2 0 0 0 0 1 1 1 0 3 0 0 0
0.4899665551839465  0 0 0 0 0 2 0 0 0 0 0 0 0 0 0 0 5 0 0 0 0 0 0 0 9 0 0 0 0 0 0 0 0 0 0 0 0 0 0 0 0 0 0 0 0 1 0 0 2 0 0 0 1 0 0 0 0 0 0 0 0 0 0 0 0 0 0 0 0 0 0 0 0 0 0 0 0 14 0 0 0 0 0 0 0 14 0 0 0 0 0 0 1 1 0 0 0 0
0.5197177251971773  48 47 5 8 6 281 6 1 1 0 0 5 0 0 0 4 7 2 0 0 3 1 0 3 348 0 39 0 2 0 2 1 3 3 0 11 0 8 0 0 10 9 0 15 8 168 22 0 126 4 0 39 27 16 0 23 6 0 0 54 11 5 15 3 2 2 11 0 2 0 1 0 14 20 0 10 2 63 24 6 5 0 1 20 0 152 27 0 44 14 9 2 19 2 29 1 0 0
0.5383033419023137  0 1 0 0 0 8 0 0 0 0 0 0 0 0 0 0 5 0 0 0 0 0 0 0 0 0 2 0 0 0 0 2 0 0 0 0 0 0 0 0 0 0 0 0 0 2 0 0 10 0 0 0 0 0 0 0 0 0 0 0 0 0 0 0 0 0 1 0 0 0 0 0 0 7 0 3 0 3 1 0 0 0 0 0 0 15 0 0 0 0 1 0 0 0 0 0 0 0
0.5021682567215958  2 3 0 0 0 2 0 0 0 0 0 0 0 0 0 0 3 6 0 0 0 0 0 0 21 0 0 0 1 0 0 2 0 0 0 0 0 19 0 0 0 1 0 0 0 5 4 0 5 0 0 0 4 15 0 1 0 0 0 0 2 0 0 0 1 0 1 0 0 0 0 0 0 0 0 2 1 24 3 0 5 2 0 0 0 33 0 0 0 1 0 2 2 2 7 0 0 3
0.5186023940472339  14 4 0 13 5 8 0 0 0 0 0 0 0 0 0 0 5 0 1 0 1 0 0 0 7 0 3 0 1 0 0 10 0 0 0 0 0 7 10 1 0 1 0 0 0 0 3 0 41 0 0 3 3 3 0 1 0 19 4 0 1 0 9 0 4 0 10 0 0 0 6 0 0 2 0 0 0 42 6 0 0 1 15 0 0 34 0 0 0 14 9 2 10 0 1 0 0 0
0.5266244790862787  0 1 0 0 0 0 0 0 1 0 0 0 0 0 0 0 0 1 0 0 0 0 0 0 1 0 0 0 0 0 0 0 0 0 0 0 0 1 0 0 0 0 0 0 0 0 1 0 8 0 2 0 0 0 0 0 0 1 3 0 0 0 0 0 0 0 1 0 0 0 0 0 0 0 0 0 0 86 0 1 0 0 0 0 0 0 0 0 0 0 1 0 2 0 0 0 0 0
0.49760306807286675  6 3 0 0 3 2 0 0 0 0 0 0 0 0 0 0 1 0 3 0 0 0 0 0 12 0 4 0 0 0 0 0 0 0 0 0 0 0 0 0 0 0 0 0 0 1 0 0 10 0 0 0 1 0 0 0 0 0 0 0 2 0 0 2 0 1 0 0 0 0 0 0 0 1 0 7 0 15 0 1 0 0 0 0 0 5 0 0 0 0 2 0 9 0 0 0 0 0
0.4996243425995492  7 11 1 2 0 20 0 0 0 0 0 0 1 0 0 0 4 3 0 0 0 1 0 0 17 0 3 0 1 0 0 8 6 2 0 0 0 21 0 3 0 4 0 0 0 11 2 0 18 1 0 6 0 5 0 2 0 2 2 0 3 0 2 3 0 1 4 0 0 0 0 0 1 2 0 5 0 47 0 2 2 1 0 0 0 4 1 1 1 1 1 4 0 2 4 0 0 0
0.5239242685025818  0 6 0 1 0 6 0 1 0 0 0 0 0 0 0 0 1 0 0 0 0 0 0 0 4 0 0 0 0 0 0 4 1 0 0 0 0 3 0 0 2 0 0 0 0 3 0 0 8 0 0 1 3 1 0 2 0 1 0 1 0 0 4 8 1 0 1 0 0 0 0 0 0 0 0 0 0 67 0 0 0 0 0 0 0 1 0 0 0 2 1 0 3 0 0 0 1 0
0.5084477296726505  0 3 0 2 0 8 0 0 0 1 0 0 0 0 0 0 2 1 0 0 0 0 0 0 14 0 0 0 0 0 1 2 1 0 1 0 0 4 0 0 0 0 0 0 0 1 1 0 9 0 0 1 0 0 0 3 0 0 0 1 1 0 0 0 3 0 0 0 0 0 0 0 0 1 0 2 0 13 1 0 0 0 0 0 0 0 0 0 0 0 0 0 1 0 2 0 0 1
0.4479166666666667  1 0 0 5 0 37 0 0 0 0 0 0 0 0 0 0 2 0 0 0 1 0 0 0 39 0 0 0 0 0 0 1 0 0 0 0 0 22 0 0 0 0 0 0 0 19 0 0 31 0 0 0 0 16 0 0 0 0 0 0 2 0 1 0 0 0 6 0 0 0 0 0 0 2 0 2 0 28 0 0 2 3 0 0 0 16 0 0 0 0 0 0 1 0 0 0 0 0
0.5199115044247787  0 1 0 2 0 1 0 0 0 0 0 0 0 0 0 0 0 0 0 0 0 0 0 0 4 0 0 0 0 0 0 0 0 0 0 0 0 5 0 0 1 0 0 1 0 2 0 0 11 0 0 0 0 0 0 0 0 0 0 0 0 0 0 0 1 0 0 0 0 0 0 0 0 1 0 2 0 27 0 0 0 0 0 13 0 2 0 0 0 1 1 3 1 0 1 0 0 0
0.5276663993584603  1 8 0 0 0 13 0 0 1 0 0 0 0 0 0 0 4 0 1 0 0 0 0 0 18 0 11 0 1 0 0 3 1 0 0 0 0 10 1 5 0 2 0 0 1 11 5 0 238 5 1 7 1 2 0 3 0 0 0 0 4 0 8 9 3 3 2 0 0 0 0 0 0 5 0 7 0 129 0 4 3 0 0 0 0 5 1 0 0 0 16 3 71 1 2 0 0 0
0.503448275862069  1 4 0 1 0 11 0 0 1 0 0 0 0 0 0 0 5 0 0 0 0 2 0 0 24 0 3 0 0 0 0 0 0 2 3 0 0 0 0 0 0 0 4 0 0 9 0 0 9 0 0 1 0 5 0 0 0 0 0 0 0 0 0 0 0 0 0 0 0 0 0 0 0 2 0 3 0 12 0 0 3 0 0 0 0 1 0 0 0 4 5 1 2 0 0 0 0 0
0.5331179321486268  0 1 0 4 0 9 1 0 0 0 0 0 0 0 0 0 1 0 0 0 1 0 1 0 7 0 0 0 0 0 0 0 0 0 0 0 0 8 0 0 0 0 3 0 0 8 0 0 5 1 0 1 1 6 0 2 0 0 1 4 0 0 2 0 1 1 0 0 0 0 2 0 0 0 0 0 0 8 9 4 0 0 1 0 0 5 0 0 2 0 3 0 1 0 0 0 0 0
0.5160468670402445  3 157 0 1 0 82 0 0 0 0 0 0 0 0 6 2 3 9 0 0 0 0 0 1 40 0 32 0 6 0 0 85 3 0 0 0 0 24 0 3 2 1 0 0 13 118 3 0 35 4 0 24 35 14 0 2 0 1 0 6 11 0 18 1 6 5 4 0 0 13 0 0 0 15 0 27 0 42 20 14 14 2 0 22 0 70 0 0 9 5 72 0 16 7 1 0 0 0
0.5406976744186046  0 2 0 9 0 5 0 0 0 0 0 0 0 0 0 0 6 0 0 0 0 0 0 2 16 0 1 0 4 0 0 1 2 1 0 0 0 0 0 2 0 1 0 1 0 7 0 0 7 0 0 1 5 0 0 6 0 0 0 0 1 0 0 0 0 0 0 0 0 0 0 0 0 0 0 0 0 54 1 0 0 0 0 1 0 2 0 0 0 1 12 0 1 0 1 0 1 0
0.5083046067063617  1 1 0 1 0 0 1 0 1 3 0 0 0 0 0 0 5 2 0 0 1 0 0 1 15 0 9 0 0 0 0 1 3 1 0 0 0 3 0 0 1 0 0 0 0 9 0 0 22 1 0 4 2 3 0 2 0 0 0 0 1 0 0 0 2 0 0 0 0 0 0 0 0 0 0 1 0 8 0 0 0 0 0 0 0 22 0 0 0 0 1 4 3 0 0 0 0 0
0.48392857142857143  0 1 0 1 0 3 0 0 0 0 0 0 0 0 0 0 3 0 0 0 2 0 0 0 14 0 0 0 0 0 0 3 0 0 0 0 0 4 0 2 0 0 0 0 0 0 0 0 1 0 0 0 0 3 0 0 0 0 0 0 0 0 0 0 0 0 0 0 0 0 0 2 0 3 0 1 0 8 0 0 0 1 0 0 0 21 0 0 0 2 0 0 1 2 1 0 0 0
0.5657805044308112  0 2 0 1 0 4 0 0 0 1 0 0 0 0 0 0 1 0 0 0 0 0 0 0 8 0 5 0 2 0 0 2 1 0 0 0 0 2 0 0 0 0 0 0 0 4 1 0 16 0 0 2 0 0 0 2 0 0 0 0 0 0 1 0 1 0 1 0 0 0 0 0 0 0 0 1 0 29 0 0 0 0 0 0 0 1 0 0 0 1 4 2 6 0 0 0 0 0
0.5320197044334976  0 4 0 0 0 8 0 0 0 3 0 0 0 0 0 0 6 0 0 0 0 0 0 0 0 4 0 0 0 0 0 1 0 0 0 0 0 12 0 0 0 0 0 0 0 1 0 0 15 0 0 0 0 3 0 0 0 0 0 0 0 0 0 0 0 0 0 0 0 0 0 0 0 0 0 1 0 18 0 0 0 0 0 0 0 7 0 0 0 3 1 0 26 0 0 0 0 0
0.40097799511002447  7 0 0 0 0 9 0 0 0 0 0 0 0 0 0 0 16 1 0 0 0 0 0 0 4 0 0 0 1 0 0 0 0 0 0 0 0 27 0 0 0 0 0 0 0 0 1 0 7 6 2 3 0 5 0 0 0 0 0 0 0 0 0 0 4 0 0 0 0 0 0 0 0 0 0 0 0 179 2 0 0 0 0 0 0 22 0 0 0 9 0 0 4 0 0 0 0 0
0.5285714285714286  0 1 0 0 0 6 0 0 0 0 0 0 0 0 0 0 3 0 0 0 0 0 0 0 7 0 0 0 0 0 0 0 0 0 0 0 0 8 0 0 0 1 0 0 2 2 2 0 22 0 0 0 0 0 0 0 0 0 0 0 1 0 1 0 0 0 0 0 0 0 0 0 0 0 0 3 0 22 2 0 0 0 0 0 0 70 0 0 0 0 3 0 9 0 0 0 0 0
0.486  2 2 0 0 0 3 0 0 0 0 0 0 0 0 0 0 7 0 0 0 0 0 0 0 4 0 0 0 0 0 0 0 0 0 0 1 0 13 0 0 0 0 0 0 0 0 0 0 5 0 0 1 1 2 0 0 0 0 0 0 1 0 0 0 0 1 0 0 0 0 0 0 0 0 0 3 0 20 0 0 0 0 0 0 0 7 0 0 0 0 0 0 20 0 0 0 0 0
0.5504761904761905  0 3 0 2 0 0 0 0 0 2 0 0 0 0 0 0 0 0 0 0 0 0 0 0 7 0 1 0 0 0 0 0 0 0 0 0 0 0 0 0 0 0 0 1 0 4 0 0 5 1 0 6 1 0 0 2 0 0 0 0 0 0 0 2 0 0 0 0 0 0 0 0 0 2 0 1 0 3 0 0 0 0 0 0 0 4 0 0 1 1 1 1 23 0 5 0 0 0
0.48900038595137013  0 1 0 0 0 5 0 0 0 0 0 0 0 0 0 0 2 0 0 0 2 0 0 0 4 0 1 0 0 0 0 0 0 0 1 0 0 8 0 0 0 0 1 0 2 8 1 0 24 0 0 0 1 1 0 3 0 1 0 0 3 0 0 1 1 0 3 0 0 0 0 0 0 0 0 0 0 0 0 0 0 1 0 0 0 0 0 0 0 1 0 3 2 0 2 1 0 0
0.46800947867298576  0 1 0 4 0 11 0 0 0 0 0 0 0 0 0 0 1 1 0 0 0 0 0 0 3 0 0 0 0 0 0 22 0 0 0 0 0 1 0 0 0 0 0 0 0 0 0 0 20 0 0 1 0 1 0 0 0 5 0 0 0 0 4 0 0 0 0 0 0 0 0 0 0 1 0 2 0 11 0 0 0 0 1 1 0 2 2 0 2 1 0 0 2 1 0 0 0 0
0.5033557046979866  0 1 0 0 0 2 0 0 0 0 0 0 0 0 0 0 0 0 0 0 0 0 0 0 7 0 0 0 0 0 0 2 2 0 2 0 0 0 2 1 2 0 2 0 0 14 0 0 14 0 0 3 0 0 0 1 0 0 0 1 0 0 1 0 0 0 0 0 0 0 0 0 0 0 0 0 0 4 1 0 0 0 0 0 0 16 0 0 3 0 1 1 0 1 1 0 0 0
0.6015037593984962  1 1 0 4 0 40 0 0 0 0 0 0 0 0 0 0 6 0 4 0 0 0 0 0 21 0 1 0 0 0 0 4 0 0 0 0 0 1 0 1 1 0 0 0 0 8 0 0 86 0 1 0 0 7 0 0 0 0 0 0 6 0 2 16 6 2 0 0 0 0 0 0 0 4 0 3 0 16 0 0 0 0 0 0 0 1 0 0 0 3 41 0 2 3 0 0 0 0
0.5127572016460905  5 2 0 0 0 0 0 0 0 0 0 0 0 0 0 0 0 5 0 0 0 0 0 0 2 0 0 0 0 0 0 0 0 0 0 0 0 28 0 0 0 0 0 0 0 0 0 0 0 0 0 0 0 0 0 0 0 0 0 0 0 0 0 0 0 0 0 0 1 0 0 0 0 0 0 0 0 57 0 0 0 0 0 2 0 10 0 0 0 0 4 0 0 0 0 0 0 0
0.5408079142621599  0 0 1 0 0 0 0 0 0 0 0 0 0 0 0 0 4 1 0 0 0 0 0 0 0 0 1 0 0 0 0 0 1 0 0 0 0 6 0 0 0 1 0 0 1 2 1 0 4 1 0 0 2 3 0 0 0 3 0 0 1 0 0 0 0 1 0 0 0 0 0 0 0 0 0 0 0 19 3 0 0 0 1 0 0 18 0 0 0 1 1 0 13 1 0 0 1 0
0.4946767474155223  1 8 0 0 0 2 0 0 0 0 0 0 0 0 0 0 1 1 0 0 0 0 0 0 1 0 0 0 0 0 1 2 1 0 0 0 0 0 0 0 0 0 0 0 0 5 1 0 43 0 1 1 0 2 0 0 0 0 0 0 1 0 0 1 0 1 1 0 0 0 0 0 0 0 0 5 0 21 0 0 0 0 0 0 0 24 0 0 0 0 23 0 4 8 2 0 0 0
0.5391156462585034  1 2 0 0 0 0 0 0 0 0 0 0 0 0 0 0 1 4 0 0 0 0 0 0 0 0 0 0 0 0 0 0 0 0 0 0 0 1 0 0 0 0 0 0 0 1 0 0 28 0 0 0 0 0 0 0 0 3 0 0 0 0 0 0 0 0 1 0 3 0 0 0 0 0 0 0 0 58 0 1 0 2 0 3 0 5 0 0 0 0 0 0 1 0 0 0 0 0
0.5030851501439737  0 0 0 1 0 3 0 0 0 0 0 0 0 0 0 1 0 0 0 0 0 0 0 0 4 0 0 0 0 0 0 1 0 0 0 0 0 0 0 0 0 0 0 0 0 7 0 0 32 1 0 0 0 1 0 0 0 0 0 0 0 0 0 0 0 0 2 0 0 0 0 0 0 0 0 2 0 0 0 1 0 0 0 0 0 1 0 0 0 1 1 0 10 0 0 0 0 0
0.512  0 1 1 0 0 3 0 0 0 0 0 0 0 0 0 0 4 4 0 0 0 0 0 0 2 0 0 0 0 0 0 0 0 0 0 0 0 3 0 0 0 0 0 0 0 0 0 0 15 0 0 0 0 1 0 0 0 0 0 0 0 0 0 0 0 0 0 0 0 0 0 0 0 0 0 1 0 36 0 1 0 0 0 0 0 0 0 0 0 0 1 0 0 0 0 0 0 0
0.5132365499573015  0 4 0 0 1 6 0 0 0 0 0 0 0 0 0 0 8 1 0 0 0 0 0 3 10 0 4 0 0 0 0 0 0 0 1 0 0 4 0 0 0 2 1 0 0 25 0 0 3 0 0 3 4 1 0 3 0 0 0 0 1 0 0 1 0 0 0 0 1 0 0 0 0 0 0 0 0 13 1 0 0 0 0 3 0 11 0 0 0 0 0 3 1 2 0 0 0 0
0.508527671423599  4 0 0 3 0 17 1 0 0 0 0 0 0 0 0 0 3 0 0 0 16 0 0 0 13 0 0 0 0 0 0 10 0 0 0 0 0 3 0 0 0 0 0 0 0 22 0 0 5 0 0 0 3 5 1 2 0 3 0 0 1 0 0 0 0 0 2 0 0 0 0 0 1 0 0 1 0 2 0 1 3 2 0 0 0 0 0 0 0 1 2 11 0 0 0 0 0 0
0.5088161209068011  1 0 0 0 0 2 0 0 0 0 0 0 0 0 0 0 0 0 0 0 0 0 0 0 3 0 3 0 0 0 0 3 0 0 0 0 0 0 0 0 0 0 0 0 0 2 0 0 10 0 0 0 0 2 0 0 0 0 0 0 4 0 1 0 0 0 1 0 0 0 0 0 0 0 0 1 0 19 0 0 1 0 0 0 0 6 0 0 1 0 0 0 2 0 0 0 0 0
0.554635761589404  4 0 0 4 1 5 0 0 0 0 0 0 0 0 0 0 12 0 0 0 1 0 0 0 15 0 2 0 0 0 0 4 1 1 2 0 0 4 1 1 0 2 7 0 0 20 1 0 19 2 0 0 4 1 0 0 0 3 0 0 0 0 0 2 1 0 7 0 0 0 2 0 0 1 0 2 0 22 4 0 2 1 0 0 0 9 0 0 0 0 8 5 5 0 1 0 0 0
0.5056344928956394  1 1 0 0 1 9 0 0 0 0 0 0 0 0 0 0 4 1 0 0 0 0 0 0 0 0 1 0 3 0 0 0 0 0 0 0 0 0 0 0 0 0 0 0 0 1 0 0 6 2 0 0 0 0 0 0 0 0 0 0 0 0 0 2 0 0 3 0 0 0 0 0 0 0 0 0 0 60 2 0 0 0 0 0 0 0 1 0 0 1 2 0 0 4 0 0 0 0
0.5054788961038961  8 4 0 0 0 7 0 0 0 0 0 0 0 0 0 1 1 0 0 0 0 0 0 0 6 0 1 0 1 0 0 1 1 0 0 0 0 1 2 0 0 1 0 0 0 4 0 0 10 0 0 2 1 1 0 2 0 2 0 0 1 0 3 2 0 0 1 0 0 0 0 0 0 4 0 5 0 86 1 4 0 0 0 0 0 28 3 0 0 1 8 1 3 3 0 0 1 0
0.4946695095948827  15 0 0 2 0 0 0 0 0 0 0 0 0 0 0 0 5 0 0 0 13 0 0 0 11 1 0 0 5 0 0 2 1 0 0 0 0 21 0 0 0 1 9 0 1 2 3 0 15 0 0 0 0 2 0 0 0 1 0 0 0 0 1 0 3 0 1 0 0 0 0 1 0 2 0 0 0 24 5 0 0 4 0 0 0 9 0 0 0 37 0 1 0 1 0 0 0 0
