0.4009433962264151  0 0 0 0 0 0 0 0 0 0 0 1 0 0 1 0 6 0 0 0 0 0 0 4 0 1 0 0 0 0 0 0 0 0 0
0.5173240938166311  3 1 0 7 0 6 0 0 10 0 0 19 0 0 2 5 128 1 3 0 0 0 2 8 0 9 2 0 0 3 1 0 0 2 0
0.47365233192004846  0 0 0 0 0 0 0 0 0 0 0 0 0 0 0 0 22 0 0 0 0 0 0 0 0 0 0 0 0 0 0 0 0 0 0
0.5116074052306788  0 2 0 4 0 26 0 0 1 0 0 0 0 0 7 1 23 0 0 0 0 0 0 2 0 3 0 0 0 0 0 0 0 0 1
0.5059186824498199  0 0 0 0 0 0 0 0 0 0 0 0 0 0 2 0 22 0 0 0 0 0 0 0 0 0 0 0 0 0 0 0 0 0 0
0.5461943513642892  1 3 0 27 1 11 0 2 16 0 0 0 0 0 2 0 38 0 1 0 0 0 4 6 0 10 1 0 0 0 7 0 0 2 0
0.49795918367346936  0 0 0 1 0 0 0 0 0 0 0 0 0 0 0 1 13 0 5 0 0 0 0 6 0 3 0 0 0 0 3 0 0 0 1
0.47643979057591623  0 0 0 0 0 0 0 0 0 0 0 0 0 0 9 0 9 0 0 0 0 0 0 0 0 8 0 0 0 0 0 0 0 0 0
0.4961832061068702  0 0 0 0 0 0 0 0 2 0 0 0 0 0 0 0 6 0 1 0 0 0 0 0 0 0 0 0 0 0 0 0 0 0 0
0.4700854700854701  0 0 0 0 0 0 0 0 0 0 0 0 0 0 2 0 11 0 0 0 0 0 0 1 0 2 0 0 0 0 1 0 0 0 1
0.5027262813522355  0 1 0 4 0 0 0 0 0 0 0 0 0 0 39 0 55 1 0 0 0 0 0 2 0 7 0 0 0 0 0 0 0 0 0
0.5472972972972973  0 0 0 2 0 0 0 1 1 0 0 0 0 0 3 0 23 0 0 0 0 0 1 1 0 3 0 0 0 1 1 1 0 0 0
0.5164609053497943  0 0 0 4 0 0 0 0 3 0 0 0 0 0 49 0 79 0 0 0 0 0 0 3 0 5 0 0 0 0 0 0 0 1 0
0.5396270396270396  2 0 0 2 0 0 0 0 0 0 0 1 0 0 10 0 44 0 0 0 0 0 4 0 0 2 0 0 1 0 1 0 0 1 0
0.5766423357664233  0 0 0 8 0 0 0 0 2 0 0 0 0 0 0 0 6 0 2 0 0 0 2 0 0 1 0 0 0 0 2 0 0 0 2
0.49467649467649466  0 1 0 0 0 0 0 0 2 0 0 0 0 0 3 0 4 0 0 0 0 0 0 5 0 0 0 0 0 0 0 0 0 2 0
0.513905325443787  0 0 0 1 0 0 0 0 0 0 1 0 0 0 2 0 10 0 0 0 0 0 0 2 1 3 0 0 0 0 2 0 0 0 0
0.5089349535382416  0 0 0 3 0 0 0 0 0 0 0 0 0 0 9 2 8 0 0 0 0 0 0 0 0 0 0 0 0 0 0 0 0 0 0
0.498220640569395  0 0 0 0 0 0 0 0 0 0 0 0 0 0 0 0 7 0 0 0 0 0 0 0 0 0 0 0 0 0 0 0 0 0 0
0.5017809439002672  0 0 0 0 0 0 0 0 0 0 0 0 0 0 0 0 19 0 0 0 0 0 0 1 0 0 0 0 0 0 0 0 0 0 0
0.5067967933077727  0 2 0 1 0 0 0 0 5 0 0 4 0 1 2 1 338 1 0 0 0 0 1 10 1 1 1 0 0 0 0 0 0 2 0
0.5170278637770898  0 0 0 1 2 0 0 0 2 0 0 0 0 0 1 1 9 0 0 0 0 0 0 1 0 1 0 0 0 0 1 0 0 0 0
0.4630681818181818  0 0 0 0 0 0 0 0 0 0 0 0 0 0 0 0 10 0 0 0 0 0 0 0 0 0 0 0 0 0 0 0 0 0 0
0.49074074074074076  0 0 0 0 0 0 0 0 0 0 0 0 0 0 1 0 6 0 0 0 0 0 0 0 0 0 0 0 0 0 0 0 0 0 0
0.5797101449275363  0 0 0 0 0 2 0 0 0 0 0 0 0 0 3 0 15 0 0 0 0 0 0 1 0 3 0 0 0 0 0 0 0 0 0
0.4838709677419355  0 0 0 0 0 0 0 0 0 0 0 0 0 0 0 0 5 0 0 0 0 0 0 0 0 0 0 0 0 0 0 0 0 0 0
0.5275229357798165  0 0 0 1 0 0 0 0 0 0 0 0 0 0 3 0 9 0 0 0 0 0 0 1 0 0 0 0 0 0 0 0 0 0 0
0.4411764705882353  0 0 0 0 0 0 0 0 0 0 0 0 0 0 2 0 9 0 0 0 0 0 0 0 0 0 0 0 0 0 0 0 0 0 0
0.4573002754820937  0 0 0 0 0 4 0 0 1 0 0 1 0 0 7 0 4 0 0 0 0 0 0 3 0 0 0 0 0 0 0 0 0 0 0
0.4988662131519274  1 0 0 0 0 7 0 0 0 0 0 1 0 0 4 0 62 0 0 0 0 0 0 2 0 1 0 0 0 0 1 0 0 0 0
0.4330708661417323  0 0 0 0 0 4 0 0 0 0 0 0 0 0 0 0 6 0 0 0 0 0 2 0 0 0 0 0 0 0 0 0 0 0 0
0.5350877192982456  0 0 0 6 3 4 0 0 2 0 0 1 0 0 7 0 97 0 1 0 0 0 0 8 0 10 0 0 0 0 1 1 0 1 0
0.5755258126195029  0 0 0 0 0 0 0 0 0 0 0 0 0 0 0 0 6 0 0 0 0 0 0 0 0 0 0 0 0 0 0 0 0 0 0
0.4968141270708174  1 0 0 4 0 0 0 0 1 0 0 0 0 0 0 2 4 1 2 0 0 0 1 3 0 3 0 0 0 0 0 0 0 0 0
0.4792243767313019  0 0 0 1 0 2 0 0 0 0 0 0 0 0 3 0 24 0 0 0 0 0 0 2 0 1 0 0 0 0 1 0 0 0 0
0.44541484716157204  0 0 0 3 0 1 0 1 1 0 0 2 0 0 1 1 12 0 0 0 0 0 0 1 0 0 0 0 0 0 0 0 0 0 0
0.5052235687421647  0 0 0 0 0 1 0 0 1 0 0 0 0 0 1 0 9 0 0 0 0 0 0 0 0 0 0 0 0 0 0 0 0 0 0
0.47085201793721976  0 0 0 0 0 0 0 0 0 0 0 0 0 0 1 0 5 0 0 0 0 0 0 2 0 0 0 0 0 0 0 0 0 0 0
0.44584837545126355  0 0 0 0 0 7 0 0 1 0 0 1 0 0 0 0 11 0 0 0 0 0 1 3 0 0 0 0 0 0 0 0 0 0 0
0.43366619115549215  0 0 0 0 0 0 0 0 0 0 0 0 0 0 7 0 7 0 0 0 0 0 0 2 0 0 0 0 0 0 0 0 0 0 0
0.4911937377690802  0 0 0 0 0 0 0 0 0 0 0 0 0 0 0 0 21 0 0 0 0 0 0 7 0 0 0 0 0 0 0 0 0 0 0
0.5508474576271186  0 0 0 0 0 0 0 0 0 0 0 0 0 0 0 0 6 0 0 0 0 0 0 0 0 0 0 0 0 0 0 0 0 0 0
0.5301645338208409  0 0 0 0 0 15 0 0 0 0 0 0 0 0 0 0 12 0 0 0 0 0 0 6 0 3 0 0 0 0 0 0 0 0 0
0.5225464190981433  0 0 0 0 0 0 0 0 0 0 0 0 0 0 11 0 14 0 0 0 0 0 0 0 0 0 0 0 0 0 0 0 0 0 0
0.5320284697508897  0 0 0 0 0 0 0 0 0 0 0 0 0 0 0 0 25 0 0 0 0 0 0 4 0 1 0 0 0 0 0 0 0 0 0
0.5327586206896552  0 0 0 0 0 0 0 0 1 0 0 0 0 0 1 0 15 0 0 0 0 0 0 4 0 1 0 0 0 0 1 0 0 0 0
0.5044271532063321  0 0 0 4 1 0 0 0 14 0 0 4 0 0 71 2 96 0 0 0 0 0 10 34 1 9 0 0 0 1 0 1 0 7 0
0.5293056807935077  0 0 0 2 0 4 0 0 0 0 0 0 0 0 0 0 5 0 0 0 0 0 0 0 0 0 0 0 0 0 0 0 0 0 0
0.5  0 1 0 0 0 2 0 0 0 0 0 0 0 0 1 0 5 0 0 0 0 0 1 0 0 0 0 0 0 0 1 0 0 0 0
0.5322916666666667  0 1 0 5 0 0 0 0 0 0 0 0 0 1 2 0 17 0 2 0 0 0 1 1 0 0 0 0 0 0 0 0 0 0 0
0.5235975066785397  1 4 0 0 0 0 0 0 2 0 0 0 0 0 3 9 47 0 0 0 0 0 0 10 1 12 0 0 0 0 5 0 0 0 0
0.4994612068965517  0 0 0 0 0 0 0 0 0 0 0 0 0 0 0 1 5 0 1 0 0 0 0 0 0 0 0 0 0 0 0 0 0 0 1
0.5063674954517889  0 0 0 6 0 6 0 0 2 0 0 0 0 0 0 0 17 0 0 0 0 0 0 3 0 3 0 0 0 0 0 0 0 1 0
0.5113255033557047  0 0 0 1 0 1 0 0 0 0 0 0 0 0 1 0 4 0 0 0 0 0 0 1 0 1 0 0 0 0 0 0 0 0 0
0.5175679804460739  0 0 0 1 0 0 0 0 4 0 0 0 0 0 0 0 5 0 0 0 0 0 1 2 0 0 0 0 0 0 0 0 0 0 0
0.5711442786069652  0 0 0 0 2 0 0 0 0 0 0 0 0 0 1 0 15 0 0 0 0 0 0 1 0 1 0 0 0 0 0 0 0 0 0
0.558408215661104  0 0 0 0 0 10 0 0 0 0 0 0 0 0 0 0 11 0 0 0 0 0 0 0 0 0 0 0 0 0 1 0 0 0 0
0.5283842794759825  0 0 0 0 0 2 0 0 0 0 0 0 0 0 0 0 83 0 0 0 0 0 0 0 0 0 0 0 0 0 1 0 0 0 0
0.5017667844522968  0 0 0 0 0 0 0 0 0 0 0 0 0 0 0 0 28 0 0 0 0 0 0 0 0 0 0 0 0 0 0 0 0 0 0
0.5272448196469686  0 0 0 0 0 0 0 0 0 0 0 0 0 0 24 0 31 0 0 0 0 0 0 1 0 0 0 0 0 0 0 0 0 0 0
0.5592393954168698  1 0 0 1 0 0 0 0 2 0 0 0 0 0 6 0 22 2 1 0 0 0 0 3 0 0 0 0 0 0 1 0 0 1 1
0.509656652360515  11 7 0 10 2 0 0 0 3 0 5 0 0 0 4 1 10 0 0 0 0 0 1 25 0 7 0 0 0 0 0 0 0 0 0
0.5094339622641509  0 0 0 3 1 2 0 0 0 0 0 0 0 0 1 0 4 0 0 0 0 0 0 3 0 0 0 0 0 0 0 0 0 0 0
0.5184344866704481  1 0 0 3 0 0 0 0 0 0 0 1 0 0 2 0 12 0 0 0 0 0 0 2 0 1 0 0 0 0 0 0 0 2 0
0.5145839729812711  0 3 0 9 0 0 0 0 9 0 0 0 0 0 27 4 177 3 0 0 0 0 2 6 1 8 0 0 0 5 0 0 0 1 0
0.4583333333333333  0 0 0 0 0 3 0 0 0 0 0 0 0 0 0 0 3 0 0 0 0 0 0 4 0 0 0 0 0 0 0 0 0 0 0
0.49784791965566716  0 0 0 0 0 0 0 0 1 0 0 0 3 0 13 0 14 0 0 0 0 0 0 0 0 0 0 0 0 0 0 0 0 1 0
0.5245437382001259  2 3 0 40 0 1 0 0 8 0 2 13 0 0 184 0 294 4 18 0 0 0 11 13 0 49 1 0 0 1 6 2 0 3 16
0.5028184892897407  2 2 0 7 1 1 0 0 8 0 0 0 0 0 200 0 205 0 0 0 0 0 2 1 0 1 0 0 0 0 0 1 0 1 0
0.4767970882620564  1 1 0 0 0 0 0 1 2 0 0 1 0 0 6 0 9 0 0 0 0 0 0 0 0 1 0 0 0 0 0 0 0 0 0
0.4786150712830957  0 0 0 0 0 1 0 0 0 0 0 0 0 0 0 0 4 0 0 0 0 0 0 1 0 1 0 0 0 0 0 0 0 0 1
0.5082185695246557  0 0 0 5 0 27 0 0 0 0 0 0 0 0 0 0 34 0 0 0 0 0 0 0 0 0 0 0 0 0 0 0 0 0 0
0.4889103182256509  0 0 0 0 0 0 0 0 0 0 0 0 0 0 1 0 5 0 0 0 0 0 0 0 0 1 0 0 0 0 0 0 0 0 0
0.4981433876035418  1 0 0 2 0 0 0 1 5 0 0 0 0 0 0 0 8 0 0 0 0 0 0 1 0 1 0 0 0 0 4 0 0 1 0
0.4829886591060707  0 0 0 2 0 8 0 0 7 0 1 0 0 0 1 0 6 1 0 0 0 0 0 5 0 2 0 0 0 1 0 0 0 0 0
0.5366518922604842  0 3 0 0 0 0 0 0 7 0 0 1 0 0 6 2 142 0 0 0 0 0 15 10 0 28 0 0 0 0 0 0 0 2 0
0.4798598949211909  0 0 0 1 0 0 0 0 0 0 0 0 0 0 0 0 23 1 0 0 0 0 0 0 0 1 0 0 0 0 0 0 0 0 0
0.4815668202764977  0 0 0 2 0 1 0 0 0 0 0 0 0 0 0 0 9 0 0 0 0 0 0 1 0 0 0 0 0 0 0 0 0 0 0
0.5264341957255343  0 0 0 4 0 3 0 0 1 0 0 0 0 0 2 0 11 0 2 0 0 0 0 0 0 0 0 0 0 0 0 0 0 0 3
0.5375835189309577  0 0 0 0 0 0 0 0 0 0 0 0 0 0 0 0 64 0 0 0 0 0 0 0 0 0 0 0 0 0 0 0 0 0 0
0.530562347188264  3 0 0 0 0 1 0 0 2 0 0 0 0 0 1 3 2 0 1 0 0 0 2 6 0 1 0 0 0 0 1 0 0 0 0
0.5123152709359606  0 0 0 0 0 0 0 0 0 0 0 0 0 0 1 0 33 0 1 0 0 0 0 0 0 1 0 0 0 0 0 0 0 0 0
0.5261303581914268  0 0 0 1 0 0 0 0 7 0 0 0 0 0 2 0 30 1 0 0 0 0 0 2 0 5 0 0 0 0 1 1 0 0 0
0.5046082949308756  2 0 0 3 0 4 0 0 0 0 0 1 0 0 3 0 5 0 1 0 0 0 1 2 0 2 0 0 0 0 0 0 0 2 0
0.568241469816273  0 0 0 7 0 0 0 0 1 0 0 0 0 0 2 0 18 0 0 0 0 0 0 3 0 0 0 0 0 0 0 0 0 0 0
0.4580152671755725  0 0 0 1 0 0 0 0 0 0 0 0 0 0 13 0 37 0 1 0 0 0 0 14 0 1 0 0 0 0 0 0 1 1 0
0.5650835532102023  0 0 0 0 0 0 0 0 0 0 0 0 0 0 4 0 14 0 0 0 0 0 0 0 0 0 0 0 0 0 0 0 0 0 0
0.4264705882352941  0 0 0 2 0 0 0 0 0 0 0 0 0 0 1 0 40 0 0 0 0 0 0 0 0 2 0 0 0 0 0 0 0 0 0
0.5080862533692723  0 0 0 0 0 0 0 0 0 0 0 0 0 0 0 0 5 0 0 0 0 0 0 0 0 0 0 0 0 0 0 0 0 0 0
0.49514563106796117  0 0 0 9 0 39 0 0 0 0 0 1 0 0 6 1 14 0 1 0 0 0 0 5 0 2 0 0 0 0 0 0 0 0 0
0.5096011816838996  0 0 0 2 0 0 0 0 0 0 0 0 0 0 0 0 15 0 0 0 0 0 0 0 0 0 0 0 0 0 1 0 0 0 0
0.4754026991728341  0 0 0 0 0 0 0 0 1 0 0 0 0 0 11 0 12 0 0 0 0 0 0 1 0 0 0 0 0 0 0 0 0 0 0
0.5362318840579711  0 0 0 0 3 9 0 0 1 5 0 3 0 0 1 0 7 0 0 0 0 0 8 1 0 6 0 0 0 0 0 0 0 1 0
0.5022026431718062  0 0 0 0 0 0 0 0 0 0 0 0 0 0 0 0 6 0 0 0 0 0 0 0 0 0 0 0 0 0 0 0 0 0 0
0.5298547606239914  3 0 0 5 0 0 0 0 0 0 0 0 0 0 13 0 29 0 0 0 0 0 0 0 0 3 0 0 0 0 0 0 0 0 0
0.5059901338971107  0 0 0 0 0 0 0 0 0 0 0 0 0 0 1 0 10 1 0 0 0 0 0 0 0 0 0 0 0 0 0 0 0 0 0
0.5488  0 0 0 0 0 0 0 0 0 0 0 0 0 0 10 0 3 0 0 0 0 0 0 0 0 1 0 0 0 0 0 0 0 0 0
0.5177607274793976  1 0 0 4 0 2 0 0 0 0 0 0 0 0 7 0 16 0 0 0 0 0 1 2 0 6 0 0 0 1 0 0 0 0 0
0.5507347795661302  1 0 0 1 0 8 0 0 3 0 0 0 0 0 0 0 7 0 0 0 0 0 0 1 0 0 0 0 0 0 0 0 0 0 0
0.5844402277039848  0 0 0 0 0 0 0 0 0 0 0 0 0 0 0 0 11 0 0 0 0 0 0 0 0 0 0 0 0 0 0 0 0 0 0
0.5187265917602997  0 0 0 0 0 0 0 0 0 0 0 0 0 0 0 0 24 0 0 0 0 0 0 0 0 2 0 0 0 0 0 0 0 0 0
0.4979811574697174  0 0 0 0 0 10 0 1 0 0 0 0 0 0 0 0 8 0 0 0 0 0 0 1 0 1 0 0 0 0 0 0 0 0 0
0.5220820189274448  2 0 0 0 0 0 0 5 6 0 0 1 0 0 5 0 81 0 5 0 0 0 0 6 1 3 0 0 0 1 4 0 0 1 1
0.4672268907563025  0 0 0 0 0 0 0 0 0 0 0 0 0 0 0 0 8 0 0 0 0 0 0 0 0 0 0 0 0 0 0 0 0 0 0
0.49477351916376305  0 0 0 0 0 0 0 0 0 0 0 0 0 0 4 0 11 0 0 0 0 0 0 1 0 1 0 0 0 0 0 0 0 0 0
0.4733994589720469  0 0 0 58 0 1 0 0 10 0 2 0 0 0 102 0 89 0 0 0 0 0 1 4 0 6 0 0 0 0 0 0 0 0 0
0.4917075449661294  0 3 0 5 0 0 0 0 0 0 0 0 0 0 8 0 0 0 0 0 0 0 0 40 0 0 0 0 0 0 0 0 0 0 0
0.4375  0 0 0 0 0 0 0 0 2 0 0 0 0 0 0 0 5 0 0 0 0 0 0 1 0 1 0 0 0 0 0 0 0 0 0
0.5416098226466576  0 1 0 1 1 0 0 0 4 0 0 0 0 0 1 2 11 0 0 0 0 0 0 3 0 0 0 0 0 0 0 0 0 0 0
0.5200374531835206  1 2 0 4 0 0 0 0 22 0 4 2 0 0 15 3 35 0 1 0 0 0 7 28 0 14 0 0 0 1 3 1 0 2 0
0.5120994113799869  0 0 0 2 1 0 0 0 3 0 0 3 0 0 14 1 26 0 0 0 0 0 0 4 0 0 0 0 0 0 0 0 0 0 0
0.5245573957738435  3 0 0 0 0 0 0 1 2 0 0 0 0 0 0 2 27 0 1 0 0 0 4 10 0 3 0 0 0 1 8 0 0 7 1
0.5270316218973138  0 0 0 3 0 0 0 0 0 0 0 0 0 0 1 0 28 0 1 0 0 0 4 2 0 2 0 0 0 0 0 0 0 0 1
0.5170575692963753  0 1 0 10 0 0 0 0 0 0 0 0 0 0 1 0 72 1 0 0 0 0 9 20 0 0 0 0 0 0 0 0 0 0 0
0.4984126984126984  0 0 0 0 0 0 0 0 0 0 0 0 0 0 0 0 8 0 0 0 0 0 0 0 0 1 0 0 0 0 0 0 0 0 0
0.49702380952380953  0 0 0 0 0 0 0 0 0 0 0 0 0 0 0 0 8 0 0 0 0 0 0 0 0 0 0 0 0 0 0 0 0 0 0
0.5396825396825397  0 2 0 20 0 0 0 0 0 0 0 0 0 0 14 0 86 2 8 0 0 0 5 9 0 5 0 0 0 0 1 0 0 0 2
0.5092783505154639  0 5 0 4 0 15 0 0 7 0 1 2 0 0 3 2 39 1 0 0 0 0 1 12 0 1 0 0 1 1 0 0 0 1 0
0.5075669383003493  1 3 0 3 0 0 0 0 12 0 0 6 0 0 4 2 139 4 0 0 0 0 26 11 0 15 1 1 0 0 0 0 0 2 0
0.520952380952381  1 2 0 11 1 379 0 3 48 0 2 22 0 9 79 1 238 0 0 1 0 0 45 20 3 36 2 2 0 3 0 2 0 17 0
0.5224181360201511  0 0 0 0 0 0 0 0 0 0 0 0 0 0 0 0 71 0 0 0 0 0 0 0 0 1 0 0 0 0 0 0 0 0 0
0.5209352909189777  2 1 0 4 0 0 0 0 7 0 0 0 0 0 1 0 11 0 0 0 0 0 4 4 0 0 0 0 1 0 0 0 0 1 0
0.5209125475285171  0 0 0 1 0 0 0 0 0 0 0 0 0 0 0 0 6 0 0 0 0 0 0 0 0 1 0 0 0 0 0 0 0 0 0
0.5498327759197325  0 0 0 3 1 0 0 0 0 0 0 0 0 0 0 0 36 0 0 0 0 0 0 2 0 3 0 0 0 0 0 0 0 0 0
0.5085809962327333  0 0 0 0 0 0 0 0 1 0 0 0 0 0 2 3 212 0 40 0 0 0 0 2 1 6 1 0 0 0 0 1 0 0 38
0.4951219512195122  0 0 0 2 0 0 0 0 0 0 0 0 0 0 1 0 17 0 0 0 0 0 0 0 0 0 0 0 0 0 0 0 0 0 0
0.5125834617360041  0 1 0 6 0 21 1 2 0 0 0 2 0 0 10 2 75 0 6 0 0 0 2 2 0 0 1 0 0 0 1 0 0 3 0
0.5068027210884354  0 1 0 0 0 0 0 0 0 0 0 0 0 0 0 0 5 0 0 0 0 0 0 0 0 0 0 0 0 0 1 0 0 0 0
0.49609375  0 0 0 0 0 0 0 0 0 0 0 1 0 0 3 0 8 0 0 0 0 0 0 1 0 0 0 0 1 0 1 0 0 0 0
0.4941065535124941  0 2 0 7 1 24 0 0 11 0 0 1 0 0 0 2 12 0 0 0 0 0 0 14 0 5 0 0 0 0 2 0 0 2 0
0.5095057034220533  0 0 0 1 0 0 0 0 2 0 0 0 0 0 0 0 5 0 0 0 0 0 0 2 0 0 0 0 0 0 0 0 0 0 0
0.5093497069494837  0 0 0 2 0 0 0 0 0 0 0 0 0 0 1 0 58 0 0 0 0 0 0 1 0 0 0 0 0 0 0 0 0 0 0
0.5464527027027027  0 0 0 0 0 0 0 0 4 0 0 1 0 0 0 0 35 0 0 0 0 0 1 0 0 0 0 0 0 0 0 1 0 0 0
0.49321266968325794  0 0 0 1 0 0 0 0 1 0 2 2 0 0 65 0 77 0 0 0 0 0 0 1 2 2 0 0 1 1 0 0 0 2 0
0.49873417721518987  0 0 0 1 0 8 0 0 0 0 0 0 0 0 0 0 9 0 0 0 0 0 0 0 0 1 0 0 0 0 2 0 0 0 0
0.4629080118694362  0 0 0 1 0 0 0 0 0 0 0 0 0 0 3 0 14 0 1 0 0 0 0 2 0 1 0 0 0 0 0 0 0 0 0
0.5169463639355051  0 0 0 6 0 0 0 0 6 0 0 0 0 0 2 0 67 0 0 1 0 0 3 14 0 21 0 0 0 0 0 0 0 1 1
0.5245700245700246  0 1 0 5 1 1 0 0 1 0 0 0 0 0 58 0 104 0 0 0 0 0 0 1 3 3 0 0 0 0 0 0 0 0 1
0.5450418994413407  2 0 0 1 1 37 0 0 4 0 1 0 0 0 0 5 11 0 0 0 0 0 0 4 0 8 2 0 0 0 3 0 0 2 0
0.4950435566236107  0 0 0 0 0 0 0 0 0 0 0 0 0 0 1 0 29 0 2 0 0 0 0 0 0 0 0 0 0 0 0 0 0 0 2
0.5044404973357016  0 2 0 0 0 33 0 0 1 0 0 0 0 0 4 0 16 0 0 0 0 0 0 0 0 1 0 0 0 1 1 0 0 0 0
0.4927536231884058  0 0 0 1 0 0 0 0 0 0 0 0 0 0 0 0 8 0 1 0 0 0 0 0 0 0 0 0 0 0 0 0 0 0 0
0.47644444444444445  1 0 0 4 0 0 0 0 0 0 0 0 0 0 11 0 13 0 1 0 0 0 0 1 0 3 0 0 0 0 0 0 0 1 1
0.508724832214765  0 1 0 0 0 1 0 0 0 0 0 3 0 0 5 0 22 0 3 0 0 0 0 15 0 5 0 0 0 0 0 0 0 0 3
0.5633971291866029  0 0 0 0 0 0 0 0 0 0 0 0 0 0 4 0 6 1 0 0 0 0 0 1 0 0 0 0 0 0 0 0 0 0 0
0.520368574199806  0 5 0 11 0 40 0 2 5 0 0 11 0 0 77 2 146 0 3 0 0 0 4 3 1 5 1 0 0 0 5 0 0 3 3
0.5078325263457705  1 1 0 6 0 0 0 0 3 0 0 0 0 0 36 0 80 0 1 0 0 0 0 12 2 5 0 0 0 0 3 1 0 0 0
0.4993829699712053  0 0 0 0 0 0 0 0 0 0 0 0 0 0 0 0 5 0 0 0 0 0 0 0 0 0 0 0 0 0 0 0 0 0 0
0.5379803395889187  2 6 0 12 1 8 0 0 29 0 1 3 0 0 16 0 73 0 0 0 0 0 3 3 1 27 0 0 0 0 0 0 0 5 0
0.5150884495317378  0 0 0 0 0 0 0 0 0 0 0 0 0 0 2 0 10 0 0 0 0 0 0 0 0 0 0 0 0 0 0 0 0 0 0
0.5268935236004391  0 1 0 4 0 8 0 0 3 0 0 0 0 0 2 0 39 0 2 0 0 0 1 4 2 8 0 0 0 0 3 0 0 1 0
0.4899665551839465  0 0 0 11 0 33 0 0 1 0 0 0 0 0 10 0 8 0 2 0 0 0 0 1 0 5 0 0 0 0 0 0 0 0 0
0.5264971994829815  0 0 0 0 0 0 0 0 0 0 0 0 0 0 1 0 8 0 0 0 0 0 0 0 0 0 0 0 0 0 0 0 0 0 0
0.5173913043478261  0 0 0 0 0 0 0 0 0 0 0 0 0 0 3 0 10 0 0 0 0 0 0 0 0 0 0 0 0 0 2 0 0 0 0
0.5181008902077151  1 0 0 10 1 0 0 0 1 0 0 1 0 0 24 0 23 0 4 0 0 0 0 3 1 3 0 0 0 0 0 0 0 1 2
0.5058788947677837  0 1 0 6 0 0 0 0 10 0 0 3 0 0 19 0 40 1 2 0 0 0 15 5 0 15 0 0 0 1 0 0 0 1 3
0.5474647350362181  0 0 0 0 0 0 0 0 0 0 0 0 0 0 7 0 17 0 0 0 0 0 0 0 0 0 0 0 0 0 0 0 0 0 0
0.49784880147510757  0 0 0 3 0 1 0 0 2 0 0 0 0 1 3 1 22 0 0 0 0 0 1 0 0 5 0 0 0 2 0 1 0 2 0
0.5169230769230769  0 0 0 0 0 1 0 0 0 0 0 0 0 0 0 0 12 0 0 0 0 0 1 1 0 0 0 0 0 0 0 0 0 0 0
0.5083565459610028  1 0 0 2 0 1 0 0 4 0 0 3 0 0 5 1 47 0 0 0 0 0 6 3 0 2 0 0 0 0 0 0 0 3 0
0.4974182444061962  0 0 0 1 0 2 0 0 0 0 0 0 0 0 2 0 10 0 0 0 0 0 0 1 0 0 0 0 0 0 0 0 0 0 0
0.5308893414799728  0 1 0 0 0 0 0 0 3 0 0 4 0 1 321 0 338 0 36 0 0 0 0 3 0 4 0 0 0 0 1 0 0 0 35
0.4890675241157556  0 1 0 0 0 0 0 0 1 0 0 0 0 0 3 2 9 0 0 0 0 0 1 2 0 0 0 0 0 0 0 0 0 0 0
0.509016393442623  0 0 0 0 0 0 0 0 0 0 0 0 0 0 1 0 14 0 0 0 0 0 0 0 0 0 0 0 0 0 0 0 0 0 0
0.5047140163419234  1 0 0 4 0 0 0 1 1 0 0 2 0 0 15 0 19 0 6 0 0 0 0 5 0 3 0 0 0 0 0 0 0 0 6
0.48370927318295737  0 1 0 0 0 9 0 0 0 0 0 0 0 0 4 0 7 0 0 0 0 0 1 1 0 0 0 0 0 0 0 0 0 0 0
0.5197177251971773  35 8 0 3 3 0 2 1 54 0 4 29 0 0 2 6 385 1 3 0 0 0 65 62 7 55 2 0 0 7 0 8 0 12 2
0.5383033419023137  0 2 0 28 0 0 0 0 0 0 0 2 0 0 24 12 35 1 3 0 0 0 0 1 0 22 0 0 0 0 0 0 0 0 0
0.49295774647887325  0 0 0 0 0 0 0 0 0 0 0 0 0 0 4 0 12 0 0 0 0 0 0 5 0 0 0 0 0 0 0 0 0 0 0
0.5001809627216793  0 0 0 0 0 0 0 0 0 0 0 0 0 0 5 0 13 0 0 0 0 0 0 1 0 1 0 0 0 0 0 0 0 0 0
0.5213903743315508  0 1 0 1 0 0 0 0 1 0 0 0 0 0 7 0 113 0 7 0 0 0 1 1 0 2 0 0 0 0 0 0 0 0 6
0.47662018047579985  0 0 0 0 0 0 0 0 1 0 0 0 0 0 0 0 6 0 0 0 0 0 0 1 0 0 0 0 0 0 0 0 0 0 0
0.5583809029579657  0 1 0 0 0 0 0 0 0 0 0 1 0 0 23 0 27 0 3 0 0 0 0 3 0 4 0 0 0 0 0 0 0 0 0
0.5021682567215958  9 0 0 7 0 50 0 0 5 0 0 4 0 0 11 4 34 0 2 0 0 0 0 10 0 4 1 0 0 0 2 0 0 1 2
0.4605263157894737  0 0 0 0 0 0 0 0 0 0 0 0 0 0 5 0 13 0 0 0 0 0 0 0 0 0 0 0 0 0 0 0 0 0 0
0.5114638447971781  0 3 0 4 0 0 0 0 1 0 0 2 0 0 4 0 16 0 0 0 0 0 2 0 0 4 0 0 0 0 0 0 0 0 0
0.47871684145589144  1 1 0 1 0 6 0 0 2 0 0 0 0 0 10 0 6 0 0 0 0 0 0 2 0 2 0 0 0 0 0 0 0 0 0
0.5280575539568345  0 0 0 0 0 0 0 0 0 0 0 0 0 0 3 0 8 0 0 0 0 0 0 1 0 0 0 0 0 0 0 0 0 0 0
0.5073003149155454  0 0 0 5 0 197 0 0 1 0 0 6 0 0 0 0 9 0 0 0 0 0 1 0 0 2 0 0 0 0 0 0 0 1 0
0.49097472924187724  0 0 0 0 0 0 0 0 2 0 0 0 0 0 0 0 12 0 0 0 0 0 0 0 0 1 0 0 0 0 0 0 0 0 0
0.5161716171617162  0 0 0 4 0 0 0 0 3 0 0 0 0 0 49 0 63 0 0 0 0 0 0 2 0 3 0 0 0 0 0 0 0 0 0
0.47617288511267086  0 0 0 0 0 0 0 0 0 0 0 0 0 0 1 0 13 0 0 0 0 0 0 0 0 0 0 0 0 0 0 0 0 0 0
0.50328320271129  0 0 0 12 0 0 0 0 0 0 0 0 0 0 6 0 7 0 0 0 0 0 0 4 0 0 0 0 0 0 0 0 0 0 0
0.5086732301922176  0 0 0 0 0 0 0 0 0 0 0 0 0 0 0 0 6 0 0 0 0 0 0 0 0 0 0 0 0 0 0 0 0 0 0
0.5207867679928475  0 0 0 0 0 0 0 0 3 0 0 0 0 0 10 0 11 0 0 0 0 0 0 1 0 1 0 0 0 0 0 0 0 1 0
0.5186023940472339  0 0 0 6 3 10 0 0 6 0 0 1 0 0 7 4 19 0 1 0 0 0 0 10 0 2 0 0 0 3 1 0 0 0 0
0.5086614173228347  0 0 0 2 0 0 0 0 0 0 0 0 0 0 0 0 5 0 0 0 0 0 0 0 0 0 0 0 0 0 0 0 0 0 0
0.5074626865671642  0 0 0 0 0 0 0 0 0 0 0 0 0 0 1 0 20 0 0 0 0 0 0 0 0 0 0 0 0 0 0 0 0 0 0
0.5576407506702413  0 0 0 1 0 0 0 0 0 0 0 0 0 0 0 0 5 0 0 0 0 0 0 0 0 0 0 0 0 0 0 0 0 0 0
0.5266244790862787  0 0 0 9 0 0 0 0 0 0 0 1 0 0 180 0 38 0 16 0 0 0 5 2 0 8 0 0 0 0 0 0 0 1 12
0.49760306807286675  3 0 0 5 0 0 0 0 5 0 0 0 0 0 0 0 6 10 0 0 0 0 0 3 1 1 0 0 0 1 0 2 0 0 0
0.5210843373493976  2 0 0 2 0 0 0 0 0 0 0 0 0 0 4 0 7 0 1 0 0 0 0 0 0 0 0 0 0 0 0 0 0 0 0
0.49742533470648814  0 0 0 0 0 0 0 0 0 0 0 0 0 0 6 0 38 0 1 0 0 0 0 0 0 0 0 0 0 0 0 0 0 0 0
0.5255102040816326  0 0 0 0 0 0 0 0 0 0 0 0 0 0 4 0 8 0 0 0 0 0 0 0 0 0 0 0 0 0 0 0 0 0 0
0.4920767306088407  0 0 0 0 0 0 0 0 0 0 0 0 0 1 0 0 4 0 0 0 0 0 0 2 0 1 0 0 0 0 0 0 0 1 0
0.5022727272727273  1 0 0 0 0 0 0 0 0 0 0 0 0 0 0 0 6 0 0 0 0 0 2 2 0 1 0 0 0 0 0 0 0 0 0
0.5053191489361702  1 1 0 0 0 0 0 0 2 0 0 0 0 0 9 0 9 0 0 0 0 0 0 3 1 4 0 0 0 0 2 0 0 0 0
0.5951557093425606  0 0 0 3 0 0 0 0 1 0 0 0 0 0 1 0 6 0 0 0 0 0 0 1 0 0 0 0 0 0 0 0 0 0 0
0.4996243425995492  0 1 0 2 0 1 0 1 13 0 0 2 0 0 10 1 24 0 0 0 0 0 0 29 0 7 0 0 0 1 0 1 0 3 0
0.5142857142857142  0 0 0 0 0 0 0 0 0 0 0 0 0 0 0 0 21 0 0 0 0 0 0 0 0 0 0 0 0 0 0 0 0 0 0
0.4003044140030441  0 0 0 0 0 0 0 0 0 0 0 0 0 0 13 0 14 0 0 0 0 0 0 0 0 0 0 0 0 0 0 0 0 0 0
0.5239242685025818  3 0 0 5 0 1 0 0 9 0 0 0 0 0 5 0 6 0 0 0 0 0 0 1 0 3 0 0 0 0 0 0 0 1 0
0.49564134495641343  0 0 0 0 0 1 0 0 1 0 0 0 0 0 0 0 7 0 0 0 0 0 0 0 0 0 0 0 0 0 0 0 0 0 1
0.5084477296726505  3 0 0 7 1 4 0 1 6 0 0 2 0 0 6 0 24 0 0 0 0 0 0 3 0 4 0 0 0 1 1 0 0 0 0
0.5160965794768612  0 0 0 0 0 1 0 0 0 0 0 0 0 0 1 0 7 0 0 0 0 0 0 1 0 1 0 0 0 0 0 0 0 2 0
0.49369217830109335  3 0 0 0 0 0 0 0 0 0 2 1 0 0 16 0 28 0 0 0 0 0 3 5 0 1 0 0 0 1 0 0 0 0 0
0.49612403100775193  0 0 0 0 0 0 0 0 0 0 0 1 0 0 1 0 11 0 0 0 0 0 0 0 0 0 0 0 0 0 0 0 0 0 0
0.5671510347864377  0 0 0 4 0 1 0 0 0 0 0 0 0 0 2 0 5 0 1 0 0 0 0 0 0 0 0 0 0 0 0 0 0 0 0
0.5005263157894737  1 0 0 3 0 0 0 2 4 0 1 3 0 0 4 0 94 0 1 0 0 0 1 3 1 4 0 1 0 0 0 0 0 5 0
0.5929919137466307  0 0 0 1 0 0 0 0 0 0 0 0 0 0 0 0 14 0 0 0 0 0 1 2 0 1 0 0 0 0 0 0 0 0 0
0.5152091254752852  0 0 0 0 0 0 0 0 0 0 0 0 0 0 10 0 10 0 1 0 0 0 0 0 0 0 0 0 0 0 0 0 0 0 1
0.4867149758454106  0 0 0 0 0 4 0 1 7 1 0 1 0 0 2 1 13 0 0 0 0 0 2 0 0 1 0 0 0 0 0 0 0 0 0
0.4479166666666667  0 0 0 3 2 0 0 0 0 0 0 1 0 0 0 0 7 0 0 0 0 0 9 11 0 6 0 0 0 0 0 0 0 0 0
0.5137614678899083  0 0 0 1 0 2 0 0 0 0 0 0 0 0 0 0 17 0 0 0 0 0 0 0 0 0 0 0 0 0 0 0 0 1 0
0.5012658227848101  0 0 0 0 0 0 0 0 0 0 0 0 0 0 0 0 10 0 0 0 0 0 0 0 0 1 0 0 0 0 0 0 0 0 0
0.5076433121019108  0 0 0 0 0 0 0 0 0 0 0 0 0 0 0 0 5 0 0 0 0 0 0 2 0 0 0 0 1 0 0 0 0 0 0
0.49375709421112374  0 1 0 0 0 0 0 0 3 0 0 0 0 0 0 0 33 0 1 0 0 0 6 6 0 3 1 0 0 0 0 0 0 0 0
0.5393364928909953  0 0 0 0 0 0 0 0 0 0 0 0 0 0 0 1 14 0 0 0 0 0 0 0 0 0 0 0 0 0 0 0 0 1 0
0.5021872265966754  2 0 0 9 1 0 0 0 1 0 0 1 1 0 3 0 62 1 0 0 0 0 1 2 2 1 0 0 0 1 0 0 0 0 0
0.5109315589353612  1 0 0 1 0 0 0 0 1 0 0 0 0 0 7 0 12 0 0 0 0 0 0 2 0 2 0 0 0 0 0 0 0 0 0
0.48739495798319327  0 0 0 14 0 0 0 0 0 0 0 0 0 0 2 1 5 0 0 0 0 0 0 3 0 0 0 0 0 0 0 0 0 1 0
0.5199115044247787  1 0 0 8 0 0 0 0 4 0 0 0 0 0 1 1 52 0 0 0 0 0 1 6 0 4 0 0 0 0 0 0 0 2 0
0.5597579425113465  0 0 0 0 0 0 0 0 0 0 0 0 0 0 0 0 17 0 8 0 0 0 0 0 0 0 0 0 0 0 0 0 0 0 6
0.503448275862069  2 0 0 6 1 80 0 3 12 0 0 3 0 0 22 0 49 0 0 0 0 0 5 1 2 8 0 0 0 2 1 0 0 4 0
0.5099118942731278  0 0 0 0 0 0 0 0 0 0 0 0 0 0 0 0 9 0 0 0 0 0 0 0 0 0 0 0 0 0 1 0 0 0 0
0.5181198421241479  0 1 0 4 0 1 0 0 9 0 0 2 0 0 2 0 123 1 0 0 0 0 1 10 2 4 0 0 0 0 6 1 0 3 0
0.5958904109589042  0 0 0 0 0 0 0 0 1 0 0 0 0 0 2 0 18 0 1 0 0 0 0 0 0 0 0 0 0 0 0 0 0 1 1
0.5168881506090809  0 0 0 5 1 0 0 0 0 0 0 1 0 0 0 0 10 0 0 0 0 0 0 2 0 0 0 0 0 0 1 0 0 0 0
0.5331179321486268  0 0 0 1 0 0 0 0 4 0 0 1 0 0 1 2 14 0 0 0 0 0 0 6 0 2 0 0 0 0 0 1 0 0 0
0.5160468670402445  24 27 0 19 4 0 2 3 92 0 9 32 0 0 5 46 183 8 1 0 0 0 2 19 1 38 7 0 1 6 0 6 8 32 0
0.5406976744186046  1 2 0 8 0 0 0 0 6 0 0 0 0 0 3 0 224 0 0 0 0 0 3 7 0 16 0 0 0 1 1 0 0 2 0
0.47058823529411764  0 0 0 0 0 0 0 0 0 0 0 0 0 0 0 0 3 0 0 0 0 0 0 3 0 0 0 0 0 0 0 0 0 0 0
0.5112903225806451  0 0 0 0 0 0 0 0 0 0 0 0 0 0 1 0 6 0 0 0 0 0 0 0 0 0 0 0 0 0 0 0 0 0 0
0.5078178110129163  0 0 0 0 0 5 0 0 0 0 0 0 0 0 0 0 10 0 0 0 0 0 0 4 0 0 0 0 0 0 0 0 0 0 0
0.47254575707154745  0 0 0 1 0 0 0 0 0 0 0 0 0 0 4 0 5 0 0 0 0 0 1 0 0 2 0 0 0 0 0 0 0 0 0
0.4838709677419355  0 0 0 0 0 0 0 0 0 0 0 0 0 0 0 0 5 0 0 0 0 0 0 0 0 0 0 0 0 0 0 0 0 0 0
0.5194406548431105  0 0 0 2 0 0 0 0 0 0 0 0 0 0 2 2 3 0 1 0 0 0 0 4 0 0 0 0 0 0 0 0 0 0 0
0.5175345377258236  0 0 0 0 0 5 0 0 1 0 0 1 0 0 0 0 12 0 2 0 0 0 1 1 0 4 0 0 0 0 0 0 0 0 0
0.5041952707856598  0 0 0 0 0 0 0 0 0 0 0 0 0 0 38 0 42 0 0 0 0 0 0 0 0 1 0 0 0 0 0 0 0 0 0
0.542314335060449  0 1 0 1 0 0 0 0 0 0 0 2 0 0 0 0 6 1 0 0 0 0 2 0 0 0 0 0 0 0 0 0 0 0 0
0.540447504302926  0 0 0 11 0 0 0 0 0 0 0 0 0 0 0 0 4 1 0 0 0 0 0 2 0 5 0 0 0 0 0 0 0 0 0
0.5455820476858345  0 0 0 0 0 0 0 0 0 0 0 0 0 0 0 0 9 0 0 0 0 0 0 0 0 1 0 0 0 0 0 0 0 0 0
0.4955543933054393  0 1 0 5 0 0 0 0 1 0 0 0 0 0 15 0 93 0 1 0 0 0 0 2 0 4 0 0 0 1 3 0 0 0 1
0.5780632411067194  0 0 0 0 0 0 0 0 0 0 0 0 0 0 1 0 6 0 0 0 0 0 0 0 0 0 0 0 0 0 0 0 0 0 0
0.5083046067063617  1 2 0 14 0 0 0 0 19 0 1 1 0 0 9 0 57 7 1 0 0 0 0 4 0 9 0 0 0 0 0 1 0 1 2
0.48392857142857143  0 0 0 7 0 8 0 0 0 0 0 0 0 0 5 0 10 0 0 0 0 0 1 3 0 9 0 0 0 0 0 0 0 1 0
0.511520737327189  1 0 0 0 0 0 0 0 0 0 0 0 0 0 4 0 10 0 0 0 0 0 0 0 0 2 0 0 0 0 0 0 0 0 1
0.5797872340425532  2 2 0 2 0 0 0 0 6 0 0 0 0 0 1 6 30 1 1 0 0 0 0 1 1 6 0 0 0 0 2 0 0 2 1
0.507007007007007  0 0 0 6 0 0 0 0 1 0 0 1 0 0 4 1 17 0 0 0 0 0 1 0 0 1 0 0 0 0 0 0 0 1 0
0.5014409221902018  0 0 0 0 0 0 0 0 0 0 0 0 0 0 1 0 10 0 0 0 0 0 0 0 0 0 0 0 0 0 0 0 0 0 0
0.5058365758754864  0 0 0 0 0 1 0 0 0 0 0 0 0 0 0 0 9 0 0 0 0 0 0 0 0 0 0 0 0 0 0 0 0 0 0
0.5174637291778613  0 0 0 0 0 0 0 0 0 0 0 0 0 0 6 0 6 0 0 0 0 0 0 0 0 0 0 0 0 0 0 0 0 0 0
0.537636626108476  0 2 0 0 0 0 0 0 0 0 0 0 0 0 1 0 78 0 1 0 0 0 0 0 0 0 0 0 0 0 1 0 0 0 0
0.5292517006802722  0 0 0 0 0 3 0 1 1 0 0 0 0 0 0 0 12 0 0 0 0 0 0 0 0 1 0 0 0 0 0 0 0 0 0
0.4896942242355606  0 0 0 0 0 0 0 0 1 0 0 0 0 0 6 0 18 1 2 0 0 0 0 1 0 1 0 0 0 0 0 0 0 0 1
0.5657805044308112  0 1 0 3 0 17 0 1 5 0 1 4 0 0 12 1 266 0 2 0 0 0 1 14 1 18 0 0 1 2 0 1 0 1 1
0.5490605427974948  0 0 0 0 0 0 0 0 0 0 0 0 0 0 0 0 6 0 0 0 0 0 0 0 0 0 0 0 0 0 0 0 0 0 0
0.507361268403171  0 0 0 2 0 0 0 0 2 0 0 1 0 0 14 0 16 0 0 0 0 0 0 1 0 0 0 0 0 0 0 0 0 2 0
0.5454545454545454  0 0 0 0 0 1 0 0 2 0 0 1 0 0 1 0 14 0 0 0 0 0 0 0 0 2 0 0 0 0 2 0 0 0 0
0.5320197044334976  0 0 0 2 0 1 0 0 1 0 0 1 0 0 37 1 114 0 0 0 0 0 6 2 0 2 0 0 0 0 0 0 0 0 0
0.5424588086185045  0 0 0 3 0 0 0 0 0 0 0 0 0 0 1 0 4 0 0 0 0 0 0 1 0 3 0 0 0 0 0 0 0 0 0
0.40097799511002447  0 0 0 1 2 1 0 0 1 0 0 1 0 0 11 2 3 0 0 0 0 0 2 4 0 21 0 0 0 0 0 0 0 1 0
0.5285714285714286  0 2 0 13 1 15 1 0 1 0 0 7 0 0 46 0 5 0 0 0 0 0 2 13 0 5 0 0 0 0 0 0 0 0 0
0.5153232577665827  0 0 0 2 0 3 0 0 4 0 0 0 0 0 1 0 9 0 0 0 0 0 0 2 0 0 0 0 0 0 1 0 0 0 0
0.5040387722132472  0 0 0 0 0 0 0 0 0 0 0 0 0 0 2 0 13 0 0 0 0 0 0 1 0 1 0 0 0 0 0 0 0 0 0
0.5683890577507599  0 0 0 0 0 0 0 0 1 0 0 0 0 0 0 0 6 0 0 0 0 0 0 5 0 0 0 0 0 0 0 0 0 0 0
0.5138401559454191  0 0 0 0 0 0 0 0 0 0 0 0 0 0 1 0 29 0 0 0 0 0 0 0 0 0 0 0 0 0 0 0 0 0 0
0.48013245033112584  0 2 0 1 0 0 0 0 0 0 0 0 0 0 0 0 22 1 0 0 0 0 0 3 0 6 0 0 0 0 0 0 0 1 0
0.4855031267765776  3 0 0 0 0 0 0 0 2 0 0 0 0 0 1 0 18 0 0 0 0 0 0 0 0 2 0 0 0 0 1 2 0 0 0
0.5048439181916039  0 0 0 0 0 0 0 0 0 0 0 0 0 0 3 0 7 0 4 0 0 0 0 1 0 2 0 0 0 0 0 0 0 0 4
0.4966887417218543  1 2 0 4 0 1 0 0 2 0 0 2 0 0 22 0 35 0 0 0 0 0 0 0 0 6 0 0 0 0 0 0 0 0 0
0.486  0 0 0 6 2 22 0 0 0 0 0 1 0 0 2 0 57 0 0 0 0 0 0 10 0 1 0 0 0 0 0 0 0 0 0
0.46819787985865724  2 0 0 1 0 0 0 0 0 0 0 0 0 0 0 1 12 0 0 0 0 0 0 2 0 0 0 0 0 0 1 0 0 0 0
0.5504761904761905  0 0 0 4 0 0 0 0 5 0 0 4 0 0 0 0 50 3 0 0 0 0 5 1 0 7 0 0 0 2 0 0 0 0 0
0.45623836126629425  0 0 0 3 0 5 0 0 0 0 0 0 0 0 6 0 8 0 0 0 0 0 1 2 0 0 0 0 0 0 0 0 0 0 0
0.524822695035461  0 0 0 2 0 0 0 0 0 0 0 0 0 0 0 0 8 0 0 0 0 0 3 1 0 1 0 0 0 0 1 0 0 0 0
0.5214723926380368  0 3 0 4 0 0 0 0 0 0 0 0 0 0 4 0 16 1 4 0 0 0 0 2 0 4 0 0 0 0 1 0 0 3 2
0.5499194847020934  0 1 0 3 0 0 0 0 0 0 0 1 0 0 6 2 8 0 0 0 0 0 0 1 0 0 0 0 0 0 0 0 0 0 0
0.5629370629370629  0 0 0 0 0 13 0 0 0 0 0 0 0 0 0 0 11 0 0 0 0 0 0 0 0 0 0 0 0 0 0 0 0 0 0
0.5264394829612221  0 0 0 1 0 67 0 0 1 0 0 1 2 0 9 0 35 0 2 0 0 0 2 1 0 0 0 0 0 0 0 0 0 1 0
0.5816857440166493  0 0 0 1 0 24 0 0 0 0 0 1 0 0 1 2 10 0 1 0 0 0 1 0 0 0 0 0 0 0 0 0 0 0 1
0.5714285714285714  0 1 0 3 1 0 0 0 4 0 0 5 0 0 0 2 60 0 0 0 0 0 1 4 3 5 0 0 0 2 1 2 0 0 1
0.5073399882560188  1 0 0 2 0 0 0 0 1 0 0 0 0 0 0 1 35 0 0 0 0 0 0 0 0 0 0 0 0 0 0 0 0 0 0
0.5885755603759942  0 4 0 11 0 1 0 1 0 0 0 0 0 0 11 0 88 1 8 0 0 0 0 6 0 20 0 0 0 0 5 0 0 0 4
0.5292096219931272  1 0 0 2 0 12 0 0 6 0 0 0 0 0 2 0 13 0 0 0 0 0 0 1 0 0 0 0 0 0 0 0 0 0 1
0.5587382160986222  0 0 0 0 0 0 0 0 0 0 0 0 0 0 3 0 8 0 0 0 0 0 0 0 0 0 0 0 0 0 0 0 0 0 0
0.5032175032175032  0 0 0 3 0 1 0 0 0 0 0 0 0 0 0 0 7 0 0 0 0 0 0 0 0 1 0 0 0 0 1 0 0 0 0
0.5390178911305672  0 0 0 11 0 0 0 0 2 0 0 0 0 0 1 0 41 0 1 0 0 0 0 1 0 0 0 0 0 0 1 0 0 0 1
0.48900038595137013  0 2 0 0 0 0 0 0 2 0 0 2 0 0 8 1 131 0 0 0 0 0 2 5 1 9 1 0 1 0 0 0 0 1 0
0.3951219512195122  0 0 0 0 0 0 0 0 0 0 0 0 0 0 0 0 8 0 0 0 0 0 0 0 0 0 0 0 0 0 0 0 0 0 0
0.4586255259467041  0 0 0 0 0 0 0 0 0 0 0 0 0 0 0 0 12 0 0 0 0 0 0 0 0 0 0 0 0 0 0 0 0 0 0
0.4767932489451477  0 0 0 2 1 2 0 0 5 2 0 2 0 0 17 3 30 0 2 0 0 0 6 2 0 5 0 0 0 0 0 0 0 0 1
0.5735294117647058  0 0 0 10 0 0 0 0 0 0 0 5 0 0 0 0 13 0 3 0 0 0 0 2 0 2 0 0 0 0 2 0 0 8 0
0.5330705212439772  0 0 0 10 1 0 0 0 1 0 0 0 0 0 3 0 14 0 2 0 0 0 2 3 0 9 0 0 0 0 0 1 0 1 2
0.5181576616474757  0 0 0 0 0 0 0 0 1 0 0 0 0 0 3 0 9 0 0 0 0 0 0 1 0 1 0 0 0 0 0 0 0 0 0
0.46800947867298576  0 0 0 2 0 3 0 0 3 0 0 1 0 0 0 0 8 2 0 0 0 0 0 6 0 4 0 0 0 0 0 0 0 0 0
0.5025706940874036  3 0 0 3 0 0 0 0 1 0 0 0 0 0 10 0 15 0 0 0 0 0 1 1 0 1 0 0 0 1 0 0 0 0 0
0.46718480138169255  0 0 0 0 0 0 0 0 1 0 0 0 0 0 0 0 6 0 0 0 0 0 0 0 0 0 0 0 0 0 0 0 0 0 0
0.511238431026884  1 1 0 3 0 0 0 0 7 0 0 0 0 0 4 0 19 2 1 0 0 0 0 3 0 3 0 0 0 0 3 0 0 0 0
0.5033557046979866  0 3 0 5 4 12 1 0 8 0 1 4 0 0 0 0 15 0 1 0 0 0 2 2 0 3 0 0 0 0 0 0 0 1 0
0.5249575551782683  0 0 0 3 0 0 0 0 0 0 0 0 0 0 2 0 42 0 0 0 0 0 2 1 0 3 0 0 0 0 0 0 0 0 1
0.5180543121456281  1 0 0 10 0 1 0 2 2 0 0 1 0 0 18 0 61 0 5 0 0 0 0 6 0 5 0 0 0 0 0 0 0 2 5
0.49086479902557856  0 0 0 0 1 0 0 0 3 0 0 0 0 0 0 0 26 0 0 0 0 0 0 1 0 1 0 0 0 0 0 0 0 0 0
0.5299145299145299  0 6 0 12 0 0 1 0 3 0 0 9 0 0 58 1 61 0 0 0 0 0 2 4 0 3 0 0 1 1 0 0 0 2 0
0.5022479126525369  0 0 0 0 0 0 0 0 0 0 0 0 0 0 3 0 7 0 0 0 0 0 0 0 0 0 0 0 0 0 0 0 0 0 0
0.5230125523012552  0 0 0 0 0 5 0 0 0 0 0 0 0 0 2 0 5 0 0 0 0 0 0 0 0 0 0 0 0 0 0 0 0 1 0
0.4923413566739606  0 1 0 8 0 0 0 0 0 0 0 0 0 0 5 0 26 1 0 0 0 0 0 7 0 16 0 0 0 0 0 0 0 0 0
0.6015037593984962  1 0 0 43 2 0 1 10 7 0 0 0 0 0 7 4 52 0 3 0 0 0 20 21 1 43 0 0 0 0 11 0 0 2 0
0.4969939879759519  0 0 0 0 0 0 0 0 0 0 0 0 0 0 3 0 22 0 0 0 0 0 0 0 0 0 0 0 0 0 0 0 0 0 0
0.5107587768969423  0 0 0 2 0 0 0 0 0 0 0 0 0 0 1 0 13 0 0 0 0 0 0 0 0 0 0 0 0 0 0 0 0 0 1
0.5224489795918368  0 0 0 0 0 0 0 0 0 0 0 0 0 0 0 0 5 0 0 0 0 0 0 0 0 0 0 0 0 0 0 0 0 0 0
0.533953488372093  1 0 0 6 0 2 0 1 1 0 0 1 0 0 0 1 47 1 0 0 0 0 0 1 0 3 0 0 0 0 0 0 0 0 0
0.5127572016460905  0 1 0 7 0 0 0 0 2 0 0 0 0 0 10 0 53 0 0 0 0 0 1 17 0 11 0 0 0 0 0 0 0 0 0
0.537956204379562  2 2 0 0 0 0 0 1 2 0 0 3 0 0 46 0 134 0 0 0 0 0 2 3 1 5 0 0 0 0 0 0 0 0 0
0.49094097019286964  0 0 0 1 0 0 0 0 3 0 0 0 0 0 0 0 16 0 0 0 0 0 1 7 0 3 0 0 0 0 0 0 0 1 0
0.5004616805170822  0 0 0 0 0 8 0 0 2 0 0 1 0 0 19 0 58 0 0 0 0 0 2 4 1 0 0 0 0 0 0 0 0 2 0
0.48600143575017946  0 0 0 0 0 0 0 0 0 0 0 0 0 0 8 0 13 0 0 0 0 0 0 2 0 0 0 0 0 0 0 0 0 0 0
0.5408079142621599  4 1 0 0 1 0 0 1 1 0 0 0 0 0 20 5 54 0 0 0 0 0 0 2 0 2 1 0 0 1 1 0 0 0 0
0.49959448499594483  0 0 0 1 0 0 0 0 0 0 0 0 0 0 0 0 11 0 0 0 0 0 0 0 0 0 0 0 0 0 0 0 0 0 0
0.524025069637883  0 0 0 1 0 0 0 0 0 0 0 0 0 0 6 1 261 0 0 0 0 0 0 0 0 0 0 0 0 0 1 0 0 1 0
0.5399317406143345  1 0 0 5 0 0 0 0 5 0 0 0 0 0 3 0 6 0 1 0 0 0 0 2 0 1 0 0 0 0 0 0 0 0 1
0.4946767474155223  3 0 0 0 2 0 0 0 11 0 1 4 0 0 1 1 133 1 0 0 0 0 0 16 2 11 0 0 1 0 0 0 0 12 5
0.5039836102890963  0 1 0 1 0 1 0 0 0 0 0 0 0 0 0 0 21 0 0 0 0 0 0 0 0 0 0 0 0 0 0 0 0 0 0
0.5227670753064798  0 0 0 4 0 0 0 0 0 0 0 0 0 0 2 0 11 2 0 0 0 0 0 4 0 2 0 0 0 0 0 0 0 0 0
0.5136094674556213  0 0 0 1 0 0 0 0 0 0 0 0 0 0 0 0 4 0 0 0 0 0 0 2 0 2 0 0 0 0 0 0 0 0 0
0.5115131578947368  0 1 0 1 0 0 0 0 0 0 0 0 0 0 1 0 5 0 1 0 0 0 0 2 0 1 0 0 0 0 0 0 0 2 0
0.49382716049382713  0 0 0 2 0 0 0 2 3 0 0 0 0 0 0 0 20 3 2 0 0 0 1 15 0 3 0 0 0 0 0 0 0 2 2
0.5171396977515665  0 3 0 3 0 0 0 0 1 0 0 0 0 0 1 1 4 1 0 0 0 0 11 5 3 0 0 0 0 0 0 0 0 0 0
0.5189975747776879  0 0 0 1 0 0 0 0 0 0 0 1 0 0 6 0 7 0 0 0 0 0 0 0 0 2 0 0 0 1 1 0 0 0 0
0.5711920529801324  0 0 0 1 0 0 0 0 0 0 0 0 0 0 1 0 9 0 0 0 0 0 0 0 0 1 0 0 0 0 0 0 0 0 0
0.49548022598870056  0 0 0 0 0 0 0 0 4 0 0 0 0 0 0 0 3 0 0 0 0 0 0 5 0 3 0 0 0 0 0 0 0 3 0
0.5024154589371981  0 0 0 0 0 0 0 0 0 0 0 0 0 0 0 0 7 0 1 0 0 0 0 0 0 0 0 0 0 0 0 0 0 0 1
0.5029239766081871  0 1 0 4 0 18 0 0 5 0 0 1 0 0 2 0 34 0 0 0 0 0 0 0 0 2 0 0 0 0 0 0 0 0 0
0.5016949152542373  0 0 0 5 0 0 0 0 1 0 0 0 0 0 2 0 15 1 0 0 0 0 0 2 0 1 0 0 0 0 2 0 0 1 0
0.5  0 0 0 0 0 0 0 0 0 0 0 0 0 0 1 0 4 0 0 0 0 0 1 1 0 0 0 0 0 0 0 0 0 0 0
0.5197080291970803  0 0 0 0 0 0 0 0 2 0 0 0 0 0 3 1 21 0 0 0 0 0 2 0 0 3 0 0 0 0 0 0 0 0 0
0.4899497487437186  1 0 0 0 0 1 0 0 0 0 0 0 0 0 0 0 9 0 0 0 0 0 0 0 0 0 0 0 0 0 0 0 0 0 0
0.4896373056994819  0 0 0 1 0 0 0 0 0 0 0 0 0 0 3 0 4 0 0 0 0 0 0 1 0 0 0 0 0 0 0 0 0 0 0
0.5013793103448276  0 0 0 1 0 0 0 0 0 0 0 0 0 0 0 0 13 0 0 0 0 0 0 0 0 0 0 0 0 0 0 0 0 0 0
0.5152284263959391  0 3 0 1 0 0 0 0 1 0 0 1 0 0 0 0 6 0 0 0 0 0 1 1 1 2 0 0 0 0 0 1 0 0 0
0.5397590361445783  0 0 0 0 0 0 0 0 0 0 0 0 0 0 1 0 5 0 0 0 0 0 0 1 0 0 0 0 0 0 0 0 0 0 0
0.5240506329113924  0 0 0 0 0 0 0 0 0 0 0 0 0 0 0 0 7 0 0 0 0 0 0 0 0 0 0 0 0 0 0 0 0 0 0
0.5092000774743366  0 1 0 11 0 1 1 0 2 0 0 1 0 0 1 2 9 3 9 0 0 0 0 5 2 16 0 0 0 0 4 0 0 0 4
0.5391156462585034  0 0 0 3 0 0 0 0 0 0 0 0 0 0 0 0 4 0 0 0 0 0 0 2 0 5 0 0 0 0 0 1 0 0 0
0.5030851501439737  0 2 0 0 1 0 0 0 3 0 0 2 0 0 1 0 33 0 0 0 0 0 0 3 1 0 0 0 0 0 0 0 0 19 0
0.5150862068965517  0 0 0 0 1 0 0 0 0 0 0 0 0 0 0 0 6 0 0 0 0 0 3 3 0 1 0 0 0 0 0 0 0 0 0
0.512  0 0 0 1 0 0 0 0 0 0 0 2 0 0 5 0 6 0 0 0 0 0 0 2 0 7 0 0 0 0 0 0 0 0 0
0.4871207784773898  0 0 0 0 1 0 0 0 0 0 0 0 0 0 2 0 54 0 2 0 0 0 0 0 0 5 0 0 0 0 6 0 0 0 0
0.5510204081632653  0 1 0 0 0 0 0 0 0 0 0 0 0 0 0 0 12 0 0 0 0 0 0 0 0 3 0 0 0 0 0 0 0 0 0
0.5132365499573015  0 5 0 3 0 0 0 0 13 0 1 0 0 0 0 1 91 0 0 0 0 0 0 7 0 9 2 0 0 1 2 3 0 4 0
0.4270353302611367  0 0 0 0 0 0 0 0 0 0 0 0 0 0 0 0 8 0 0 0 0 0 0 0 0 0 0 0 0 0 0 0 0 0 0
0.508527671423599  0 0 0 1 0 0 0 0 2 0 0 5 0 0 58 0 57 0 1 0 0 0 0 1 0 0 0 0 0 0 0 0 0 0 1
0.5135845749342682  0 0 0 0 0 1 0 0 0 0 0 0 0 0 0 0 17 0 0 0 0 0 0 1 0 0 0 0 0 0 0 0 0 0 0
0.480728051391863  0 0 0 0 0 1 0 1 1 0 0 2 0 0 52 3 59 1 1 0 0 0 0 0 0 1 0 0 0 0 0 1 0 0 1
0.4973309608540925  0 0 0 0 0 1 0 0 0 0 0 0 0 0 0 0 5 0 0 0 0 0 0 0 0 0 0 0 0 0 0 0 0 0 0
0.5985401459854015  0 0 0 0 0 0 0 0 0 0 0 0 0 0 0 0 6 0 0 0 0 0 0 0 0 0 0 0 0 0 0 0 0 0 0
0.48654708520179374  0 0 0 2 0 2 0 0 0 0 0 0 0 0 1 0 7 0 0 0 0 0 0 1 0 2 0 0 0 0 0 0 0 0 0
0.5088161209068011  1 0 0 2 0 0 0 0 8 0 0 1 0 0 27 0 46 0 0 0 0 0 0 3 1 2 0 0 0 0 0 0 0 0 0
0.4527320034692108  1 0 0 0 0 1 0 0 0 0 0 2 0 0 0 0 38 0 0 0 0 0 0 0 0 1 0 0 0 1 0 0 0 0 0
0.5101604278074866  0 0 0 1 0 0 0 0 0 0 0 0 0 0 1 0 29 0 0 0 0 0 0 1 0 0 0 0 0 0 0 0 0 0 0
0.4959150326797386  1 0 0 1 0 0 0 0 0 0 0 0 0 0 4 0 26 0 1 0 0 0 0 0 0 1 0 0 0 0 1 0 0 0 1
0.5583596214511041  0 0 0 0 0 1 0 0 0 0 0 0 0 0 4 0 7 0 0 0 0 0 0 0 0 0 0 0 0 0 0 0 0 0 0
0.55893536121673  0 0 0 0 0 0 0 0 0 0 0 0 0 0 2 0 27 0 0 0 0 0 0 0 0 0 0 0 0 0 0 0 0 0 0
0.5341365461847389  1 0 0 1 0 0 0 0 0 0 0 0 0 0 3 0 4 0 0 0 0 0 0 1 0 1 0 0 0 0 0 0 0 0 0
0.4899466557242511  0 0 0 0 0 7 0 0 0 0 0 0 0 0 2 0 9 0 0 0 0 0 1 0 0 0 0 0 0 0 0 0 0 1 0
0.524390243902439  0 0 0 13 0 0 0 0 1 0 0 0 0 0 3 1 52 0 0 0 1 0 0 10 0 2 0 0 0 0 0 0 0 0 0
0.554635761589404  0 2 0 0 1 0 0 0 5 0 0 2 0 0 34 4 56 0 1 0 0 0 0 6 1 16 0 0 1 0 0 2 0 7 0
0.5258215962441315  0 0 0 0 0 0 0 0 1 0 0 0 0 0 0 0 25 0 0 0 0 0 0 3 0 1 0 0 0 0 1 0 0 0 0
0.46981891348088534  0 0 0 0 0 0 0 0 0 0 0 0 0 0 0 0 7 0 0 0 0 0 2 0 0 0 0 0 0 0 0 0 0 0 0
0.5065104166666666  0 0 0 0 0 0 0 0 0 0 0 0 0 0 10 0 12 0 0 0 0 0 0 0 0 0 0 0 0 0 0 0 0 0 0
0.5056344928956394  0 0 0 11 0 0 0 0 0 0 0 0 0 0 61 5 38 0 0 0 0 0 1 8 0 14 0 0 0 0 15 1 0 0 0
0.515638963360143  0 0 0 0 0 0 0 0 2 0 0 0 0 0 0 0 7 0 0 0 0 0 0 3 0 0 0 0 0 0 0 1 0 1 0
0.5054788961038961  1 1 0 2 1 0 0 0 9 0 0 0 0 0 23 0 41 0 1 0 0 0 0 10 1 10 0 0 1 0 1 0 0 4 1
0.4774305555555556  0 0 0 0 0 0 0 0 0 0 0 0 0 0 0 0 5 0 0 0 0 0 0 1 0 0 0 0 0 0 0 0 0 0 0
0.5185543723781865  0 0 0 0 1 0 0 0 4 0 0 0 0 0 1 0 23 0 0 0 0 0 0 5 0 2 0 0 0 0 0 0 0 0 0
0.485040797824116  0 0 0 0 0 0 0 2 2 0 0 0 0 0 0 1 8 0 0 0 0 0 1 0 0 0 0 0 0 0 0 0 0 0 0
0.49285062366899907  0 0 0 3 0 19 0 0 0 0 0 0 0 0 3 0 17 1 2 0 0 0 0 0 0 0 0 0 0 0 2 0 0 0 1
0.5235849056603774  0 0 0 2 0 0 0 0 0 0 0 0 0 0 0 1 24 0 0 0 0 0 0 0 0 0 0 0 0 0 0 0 0 0 0
0.5245857830037414  0 1 0 5 0 0 0 0 1 0 0 5 0 0 19 3 44 2 5 0 0 0 0 2 0 1 0 0 0 0 4 0 0 1 1
0.47639484978540775  0 0 0 0 0 0 0 0 0 0 0 0 0 0 0 0 9 0 0 0 0 0 0 0 0 0 0 0 0 0 0 0 0 0 0
0.5195822454308094  0 0 0 1 0 0 0 0 0 0 0 0 0 0 0 1 9 0 0 0 0 0 0 0 0 0 0 0 0 0 0 0 0 0 0
0.46184738955823296  0 0 0 0 0 0 0 0 0 0 0 0 0 0 1 0 5 0 0 0 0 0 1 0 0 0 0 0 0 0 0 0 0 0 0
0.5219414893617021  0 0 0 5 0 6 0 0 1 0 0 2 0 0 2 1 32 0 0 0 0 0 3 4 0 7 0 0 0 0 2 1 0 0 0
0.4946695095948827  0 5 0 1 2 4 0 0 3 0 0 0 0 0 1 2 23 0 3 0 0 0 0 5 0 1 0 0 0 0 1 0 0 0 0
0.49667994687915007  0 1 0 0 0 2 0 0 1 0 0 0 0 0 27 0 0 0 0 0 0 0 0 1 0 1 0 0 0 0 0 0 0 0 0
0.5383734249713631  0 0 0 0 0 0 0 0 0 0 0 0 0 0 2 0 5 0 1 0 0 0 1 0 0 0 0 0 0 0 0 0 0 0 1
0.4363021420518602  0 0 0 2 0 0 0 0 0 0 0 0 0 0 7 0 9 0 0 0 0 0 0 0 0 1 0 0 0 0 0 0 0 0 0
0.5447330447330447  0 0 0 0 0 4 0 0 1 0 0 0 0 0 0 0 11 0 0 0 0 0 0 0 0 2 0 0 0 0 0 0 0 2 0
0.4896288209606987  0 0 0 0 0 1 0 0 0 0 0 0 0 0 0 0 9 0 0 0 0 0 0 0 0 0 0 0 0 0 0 0 0 0 0
0.4899548995489955  1 0 0 1 0 0 0 0 4 0 0 0 0 0 23 0 56 2 0 0 0 0 1 1 1 2 0 0 0 0 0 1 0 0 0
0.5270150575730735  0 1 0 9 0 1 0 0 6 0 0 0 1 0 0 1 43 0 0 0 0 0 1 2 0 1 0 0 0 1 0 0 0 5 0
0.5099135739705135  0 0 0 0 0 0 0 0 0 0 0 0 0 0 1 0 136 0 0 0 0 0 2 0 0 0 0 0 0 0 0 0 0 0 0
0.5117056856187291  0 0 0 0 0 0 0 0 0 0 0 0 0 0 0 0 9 0 0 0 0 0 0 0 0 0 0 0 0 0 0 0 0 0 0
0.5171957671957672  0 0 0 0 0 0 0 0 1 0 0 0 0 0 2 0 5 0 0 0 0 0 0 0 0 0 0 0 0 1 1 0 0 0 0
0.5222672064777328  3 0 0 0 4 0 0 0 3 0 0 3 0 0 2 9 8 0 0 0 0 0 0 2 1 0 2 0 0 0 0 0 0 1 0
