0.5046728971962616  0 0 0 0 0 0 0 0 0 0 0 2 0 0 0 1 1 0 0 0 0 0 0 1 0 0 0 0 0 0 0 0 0 0 0
0.512937595129376  0 0 0 0 0 1 0 0 0 0 0 0 0 0 0 0 3 0 0 0 0 0 0 0 0 1 0 0 0 0 0 0 0 0 0
0.47955974842767296  0 0 0 0 0 1 0 0 2 0 0 1 0 0 1 1 2 0 0 0 0 0 0 0 0 0 0 0 0 0 0 0 0 0 0
0.5151387720773759  0 0 0 1 0 0 0 0 0 0 0 0 0 0 0 2 1 1 0 0 0 0 1 0 0 0 0 0 0 0 0 0 0 0 0
0.5105222135619641  0 0 0 0 0 5 1 0 0 0 0 1 0 0 4 0 3 0 0 0 0 0 0 0 0 3 0 0 0 0 0 0 0 0 0
0.4479495268138801  0 0 0 0 0 0 0 0 0 0 0 0 0 0 1 0 4 0 0 0 0 0 0 0 0 0 0 0 0 0 0 0 0 0 0
0.5033557046979866  0 0 0 0 0 1 0 0 0 0 0 0 0 0 0 0 4 0 0 0 0 0 0 0 0 0 0 0 0 0 0 0 0 0 0
0.4657332350773766  0 0 0 0 0 0 0 0 0 0 0 0 0 0 0 0 3 0 0 0 0 0 0 0 0 0 0 0 0 0 0 0 0 0 0
0.5139732685297691  0 0 0 0 0 0 0 0 0 0 0 0 0 0 0 0 3 0 0 0 0 0 0 0 0 0 0 0 0 0 0 0 0 0 0
0.5219364599092284  0 0 0 0 0 0 0 0 0 0 0 0 0 0 0 0 4 0 0 0 0 0 0 0 0 0 0 0 0 0 0 0 0 0 0
0.5219512195121951  0 0 0 1 0 2 0 0 0 0 0 0 0 0 0 0 3 0 0 0 0 0 0 0 0 0 0 0 0 0 0 0 0 0 0
0.5129287598944591  0 0 0 0 0 0 0 0 0 0 0 0 0 0 0 0 3 0 0 0 0 0 0 1 0 0 0 0 0 0 0 0 0 0 0
0.5074626865671642  0 0 0 2 0 0 0 0 0 0 0 0 0 0 0 0 3 0 0 0 0 0 0 0 0 0 0 0 0 0 0 0 0 0 0
0.5358744394618834  0 0 0 1 0 0 0 0 0 0 0 0 0 0 4 0 2 0 0 0 0 0 0 1 0 0 0 0 0 0 0 0 0 0 0
0.5576070901033974  0 0 0 0 0 0 0 0 0 0 0 0 0 0 1 0 3 0 0 0 0 0 2 1 0 3 0 0 0 0 0 0 0 0 0
0.506990434142752  1 0 0 0 1 16 0 0 0 0 0 0 0 0 0 0 4 0 0 0 0 0 0 0 0 0 0 0 0 0 0 0 0 0 0
0.49491525423728816  0 0 0 0 0 0 0 0 0 0 0 0 0 0 0 0 4 0 0 0 0 0 0 1 0 0 0 0 0 0 0 0 0 0 0
0.5047652665019414  0 0 0 0 0 0 0 0 0 0 0 0 0 0 2 0 4 0 0 0 0 0 0 0 0 1 0 0 0 0 0 0 0 0 0
0.499754058042302  0 0 0 0 0 3 0 0 0 0 0 0 0 0 3 0 4 0 1 0 0 0 0 0 0 0 0 0 0 0 0 0 0 0 0
0.45726495726495725  0 0 0 0 0 4 0 0 0 0 0 0 0 0 0 2 1 0 0 0 0 0 0 0 0 0 0 0 0 0 0 0 0 0 0
0.5190883190883191  0 1 0 0 0 58 0 0 0 0 0 0 0 0 3 3 0 0 1 0 0 0 0 1 0 0 0 0 0 0 2 0 0 0 0
0.5016906922940025  0 0 0 1 0 0 0 0 0 0 0 0 0 0 0 0 3 0 0 0 0 0 0 1 0 0 0 0 0 0 0 0 0 0 0
0.4600136705399863  0 0 0 9 1 0 0 0 0 0 0 0 0 0 1 0 1 0 0 0 0 0 0 3 0 1 0 0 0 0 0 0 0 0 0
0.5008576329331046  0 0 0 0 0 0 0 0 0 0 0 0 0 0 1 0 4 0 0 0 0 0 0 0 0 0 0 0 0 0 0 0 0 0 0
0.5286160249739854  0 0 0 0 0 0 0 0 0 0 0 0 0 0 0 0 3 0 0 0 0 0 0 0 0 0 0 0 0 0 0 0 0 0 0
0.5007923930269413  0 0 0 0 0 0 0 0 0 0 0 0 0 0 0 0 3 0 1 0 0 0 0 0 0 0 0 0 0 0 0 0 0 0 1
0.5165562913907285  0 0 0 0 0 0 0 0 0 0 0 0 0 0 0 2 1 0 0 0 0 0 0 1 0 1 0 0 0 0 0 0 0 1 0
0.4982857142857143  0 0 0 0 0 0 0 0 0 0 0 0 0 0 1 0 4 0 0 0 0 0 0 0 0 0 0 0 0 0 0 0 0 0 0
0.4874905231235785  0 0 0 0 0 0 0 0 0 0 0 0 0 0 0 0 3 0 0 0 0 0 0 0 0 0 0 0 0 0 0 0 0 0 0
0.5088372093023256  0 0 0 1 0 0 0 0 0 0 0 0 0 0 0 0 4 0 0 0 0 0 0 0 0 0 0 0 0 0 0 0 0 0 0
0.49739511927611735  0 0 0 0 0 0 0 0 0 0 0 0 0 0 1 2 2 0 0 0 0 0 0 0 0 0 0 0 1 0 0 0 0 1 0
0.4823529411764706  0 0 0 0 0 0 0 0 1 0 0 0 0 0 0 3 1 0 0 0 0 0 0 1 0 0 0 0 0 0 0 0 0 0 0
0.5024458420684835  0 0 0 0 0 0 0 0 0 0 0 1 0 0 0 0 1 0 0 0 0 0 0 1 0 0 0 0 0 0 0 0 0 0 0
0.5050864699898271  0 0 0 0 0 3 0 0 0 0 0 1 0 0 2 0 1 0 0 0 0 0 0 0 0 0 0 0 0 0 0 0 0 0 1
0.5277777777777778  0 1 0 0 0 0 0 0 1 0 1 1 0 0 0 0 1 0 0 0 0 0 0 1 0 0 0 0 0 0 0 0 0 0 0
0.4974545454545454  0 2 0 0 0 0 0 0 0 0 0 0 0 0 0 0 2 0 0 0 0 0 0 2 0 0 0 0 0 0 0 0 0 0 0
0.5558912386706949  0 0 0 0 0 0 0 0 0 0 0 1 0 0 0 0 1 0 0 0 0 0 0 0 0 0 0 0 0 0 0 0 0 0 0
0.5360730593607306  0 0 0 0 0 0 0 0 0 0 0 0 0 0 0 0 3 0 0 0 0 0 0 0 0 0 0 0 0 0 0 0 0 0 0
0.5161532682193839  0 0 0 0 0 2 0 0 0 0 0 1 0 0 1 0 3 0 0 0 0 0 0 0 0 1 0 0 0 0 0 0 0 0 0
0.4948216340621404  0 0 0 1 0 0 0 0 1 0 0 0 0 0 0 0 3 0 0 0 0 0 0 1 0 2 0 0 0 0 0 0 0 0 0
0.49065420560747663  0 0 0 0 0 1 0 0 0 0 0 0 0 0 0 1 2 0 0 0 0 0 1 2 0 0 0 0 0 0 0 0 0 0 0
0.5263474856970792  0 0 0 0 0 0 0 0 0 0 0 2 0 0 0 0 2 0 0 0 0 0 0 1 0 1 0 0 0 0 0 0 0 0 0
0.5062240663900415  0 0 0 0 0 0 0 0 0 0 0 1 0 0 0 0 1 0 0 0 0 0 0 1 0 0 0 0 0 0 0 0 0 0 0
0.4838709677419355  0 0 0 1 0 0 0 0 0 0 0 0 0 0 0 0 3 0 0 0 0 0 0 0 0 0 0 0 0 0 0 0 0 0 0
0.5364871665827882  0 1 0 0 0 7 0 0 0 0 0 0 0 0 0 0 4 0 0 0 0 0 0 1 0 0 0 0 0 0 0 0 0 0 0
0.5674255691768827  2 1 0 10 0 0 0 0 0 0 1 0 0 0 0 3 2 0 1 0 0 0 2 1 1 4 0 0 0 4 1 0 0 0 0
0.5156064796523113  0 0 0 4 0 0 0 0 0 0 0 0 0 0 0 0 2 0 0 0 0 0 0 1 0 0 0 0 0 0 0 0 0 0 0
0.5051282051282051  1 0 0 0 0 0 0 0 0 0 0 0 0 0 2 0 4 0 0 0 0 0 0 0 0 0 0 0 0 0 0 0 0 0 0
0.5117605131860299  0 0 0 0 0 0 0 0 1 0 0 0 0 0 0 3 2 0 0 0 0 0 0 2 0 0 0 0 0 0 0 0 0 0 0
0.4856396866840731  0 0 0 6 1 7 0 0 0 0 0 0 0 0 3 4 3 0 0 0 0 0 0 1 0 5 0 0 0 0 0 0 0 0 0
0.40264026402640263  0 0 0 1 0 0 0 0 2 0 0 0 0 0 0 2 4 0 0 0 0 0 0 1 0 0 0 0 0 0 1 0 0 0 0
0.5170940170940171  0 0 0 0 0 1 0 0 0 0 0 0 0 0 1 0 3 0 0 0 0 0 0 0 0 1 0 0 0 0 0 0 0 0 0
0.46017699115044247  0 0 0 0 0 0 0 0 0 0 0 0 0 0 0 0 2 0 0 0 0 0 0 1 0 0 0 0 0 0 0 0 0 0 0
0.5093735711019661  1 0 0 3 0 2 0 0 0 0 0 0 0 0 1 0 1 0 0 0 0 0 0 3 0 0 0 0 0 0 0 0 0 0 0
0.43844492440604754  0 0 0 0 0 0 0 0 0 0 0 0 0 0 0 0 3 0 0 0 0 0 1 0 0 0 0 0 0 0 0 0 0 0 0
0.5417391304347826  0 0 0 0 0 0 0 0 0 0 0 0 0 0 0 0 3 0 0 0 0 0 0 0 0 0 0 0 0 0 0 0 0 0 0
0.5109090909090909  0 0 0 0 0 0 0 0 1 0 0 2 0 0 2 1 3 0 0 0 0 0 0 2 0 0 0 0 0 0 0 0 0 0 0
0.49415041782729807  0 0 0 0 0 0 0 0 0 0 0 0 0 0 0 0 1 0 0 0 0 0 0 2 0 0 0 0 0 0 0 0 0 0 0
0.5397489539748954  0 0 0 0 0 1 0 0 0 0 0 0 0 0 0 1 4 0 0 0 0 0 0 0 0 1 0 0 0 0 0 0 0 0 0
0.4852760736196319  0 0 0 0 0 0 0 0 0 0 0 0 0 0 0 0 4 0 0 0 0 0 0 0 0 0 0 0 0 1 0 0 0 0 0
0.44649446494464945  0 0 0 0 0 0 0 0 0 0 0 0 0 0 0 0 3 0 0 0 0 0 0 0 0 0 0 0 0 0 0 0 0 0 0
0.5520361990950227  0 0 0 0 0 0 0 0 0 0 0 1 0 0 0 0 0 0 0 0 0 0 0 1 0 0 0 0 0 0 0 0 0 0 0
0.4973240016467682  0 0 0 0 0 0 0 0 0 0 0 0 0 0 3 0 4 0 0 0 0 0 0 0 0 0 0 0 0 0 0 0 0 0 1
0.4849379799173066  1 0 0 2 0 9 0 0 0 0 0 0 0 0 3 0 3 0 0 0 0 0 0 0 0 1 0 0 0 0 0 0 0 0 0
0.5009047044632087  0 0 0 0 0 0 0 0 0 0 0 0 0 0 1 0 4 0 0 0 0 0 0 0 0 0 0 0 0 0 0 0 0 0 0
0.4946855624446413  0 0 0 0 0 0 0 0 0 0 0 0 0 1 0 0 1 0 0 0 0 0 0 2 0 0 0 0 0 0 0 0 0 0 0
0.43702290076335876  0 0 0 3 0 0 0 0 0 0 0 0 0 0 2 1 2 0 0 0 0 0 1 1 0 2 0 0 0 0 0 0 0 0 0
0.5180366646954465  0 0 0 0 0 5 0 0 1 0 0 0 0 0 0 0 4 0 0 0 0 0 2 1 0 0 0 0 0 0 0 0 0 0 0
0.4816568047337278  0 0 0 1 0 0 0 0 0 0 0 1 0 0 1 0 2 0 0 0 0 0 0 0 0 0 0 0 0 0 0 0 0 0 0
0.5418181818181819  0 0 0 1 0 0 0 0 0 0 0 0 0 0 2 0 2 0 0 0 0 0 0 1 0 0 0 0 0 0 0 0 0 0 0
0.5124698310539019  0 0 0 1 0 1 0 0 0 0 0 2 0 0 1 0 0 0 0 0 0 0 0 1 0 0 0 0 0 0 0 0 0 0 0
0.48986975397973953  0 0 0 0 0 0 0 0 0 0 0 0 0 0 0 0 3 0 0 0 0 0 0 0 0 0 0 0 0 0 0 0 0 0 0
0.5338645418326693  0 0 0 0 0 0 0 0 0 0 0 0 0 0 0 0 3 0 0 0 0 0 0 0 0 0 0 0 0 0 0 0 0 0 0
0.5164021164021164  2 1 0 20 0 0 0 1 2 0 0 1 0 0 0 0 0 0 0 0 0 0 10 4 0 1 0 0 0 2 7 0 0 1 0
0.5459803354540197  0 0 0 0 0 0 0 0 0 0 0 0 0 0 1 0 2 0 0 0 0 0 0 1 0 0 0 0 0 0 0 0 0 0 0
0.449438202247191  0 0 0 0 0 0 0 0 0 0 0 0 0 0 0 1 4 0 0 0 0 0 0 0 0 1 0 0 0 0 0 0 0 0 0
0.500651890482399  0 0 0 1 0 2 0 0 0 0 0 0 0 0 0 0 4 0 0 0 0 0 1 0 0 0 0 0 0 0 0 0 0 0 0
0.48878923766816146  0 0 0 0 0 2 0 0 0 0 0 0 0 0 0 0 3 0 0 0 0 0 0 0 0 0 0 0 0 0 0 0 0 0 0
0.4743631086746211  0 1 0 1 0 0 0 0 0 0 0 0 0 0 0 0 3 0 0 0 0 0 0 0 0 0 0 0 0 0 0 0 0 0 0
0.5196911196911197  0 0 0 1 0 0 0 0 0 0 0 0 0 0 0 0 3 0 0 0 0 0 0 0 0 0 0 0 0 0 0 0 0 0 0
0.47058823529411764  0 0 0 1 0 0 0 0 0 0 0 2 0 0 0 0 1 0 0 0 0 0 0 0 0 2 0 0 0 1 0 0 0 0 0
0.5250996015936255  0 0 0 1 0 0 0 0 0 0 0 0 0 0 0 0 4 0 0 0 0 0 0 0 0 0 0 0 0 0 0 0 0 0 0
0.5173553719008265  0 0 0 0 0 0 0 0 0 0 0 0 0 0 0 0 3 0 0 0 0 0 0 0 0 0 0 0 0 0 0 0 0 0 0
0.5375103050288541  0 0 0 0 0 6 0 0 0 0 0 0 0 0 2 0 3 0 0 0 0 0 0 0 0 0 0 0 0 0 0 0 0 0 0
0.49129989764585463  0 0 0 1 0 0 0 0 0 0 0 0 0 0 2 0 4 0 0 0 0 0 0 0 0 0 0 0 0 0 0 0 0 0 0
0.44086021505376344  0 0 0 0 0 0 0 0 1 0 0 0 0 0 0 0 3 0 0 0 0 0 0 1 0 1 0 0 0 0 0 0 0 0 0
0.5054945054945055  0 0 0 0 0 0 0 0 0 0 0 0 0 0 0 0 3 0 0 0 0 0 0 0 0 0 0 0 0 0 0 0 0 0 0
0.5139423076923076  0 0 0 0 0 0 0 0 0 0 0 0 0 0 1 0 3 0 0 0 0 0 0 0 0 0 0 0 0 0 0 0 0 0 0
0.5483333333333333  0 0 0 1 1 1 0 0 0 0 0 1 0 0 0 2 0 0 0 0 0 0 2 3 0 1 0 0 0 0 0 0 0 0 0
0.4860813704496788  0 0 0 1 0 0 0 0 0 0 0 0 0 0 0 0 3 0 0 0 0 0 0 0 0 0 0 0 0 0 0 0 0 0 0
0.5160829163688349  0 0 0 0 0 0 0 1 0 0 0 0 0 0 1 0 3 0 0 0 0 0 0 0 0 0 0 0 0 0 0 0 0 0 0
0.4984591679506934  0 0 0 1 1 1 0 0 0 0 0 0 0 0 1 0 4 0 0 0 0 0 0 0 0 1 0 0 0 0 1 0 0 0 0
0.5061124694376528  0 0 0 0 0 0 0 0 0 0 0 0 0 0 0 0 3 0 0 0 0 0 0 0 0 0 0 0 0 0 0 0 0 0 0
0.4954367666232073  0 0 0 0 0 0 0 0 0 0 0 1 0 0 0 0 1 0 0 0 0 0 0 1 0 1 0 0 0 0 0 0 0 0 0
0.45864661654135336  0 0 0 0 0 0 0 0 0 0 0 0 0 0 0 0 3 0 0 0 0 0 0 0 0 0 0 0 0 0 0 0 0 0 0
0.5087281795511222  1 1 0 0 0 1 0 0 0 0 0 0 0 0 1 0 3 0 0 0 0 0 0 0 0 0 0 0 0 0 0 0 0 0 0
0.47058823529411764  0 0 0 0 0 0 0 0 0 0 0 0 0 0 0 0 3 0 0 0 0 0 0 0 0 0 0 0 0 0 0 0 0 0 0
0.5248815165876777  0 0 0 1 0 0 0 0 0 0 0 1 0 0 0 1 1 0 0 0 0 0 0 0 0 0 0 0 0 0 0 0 0 0 0
0.4713375796178344  0 0 0 0 0 0 0 0 0 0 0 0 0 0 0 0 2 0 0 0 0 0 0 1 0 0 0 0 0 0 0 0 0 0 0
0.477124183006536  0 0 0 1 0 0 0 0 0 0 0 0 0 0 3 0 3 0 0 0 0 0 0 0 0 0 0 0 0 0 0 0 0 0 0
0.4979253112033195  0 0 0 0 0 0 0 0 0 0 0 0 0 0 3 0 4 0 0 0 0 0 0 0 0 0 0 0 0 0 0 0 0 0 0
0.514218009478673  1 0 0 1 0 0 0 0 0 0 0 0 0 0 4 0 3 0 1 0 0 0 0 1 0 0 0 0 0 0 0 0 0 0 1
0.50542888165038  0 0 0 0 0 2 0 0 1 0 0 5 0 0 0 0 2 0 1 0 0 0 0 3 0 0 0 0 0 0 0 0 0 0 1
0.48533333333333334  1 0 0 1 0 2 0 0 4 0 0 0 0 0 0 5 3 0 0 0 0 0 1 0 0 10 0 0 0 0 0 0 0 0 0
0.5083236546651181  0 0 0 0 0 0 0 0 2 0 0 0 0 0 0 5 2 0 0 0 0 0 0 3 0 2 0 0 0 1 2 0 0 0 0
0.5185185185185185  0 0 0 0 0 0 0 0 0 0 0 1 0 0 1 0 2 0 0 0 0 0 1 0 0 2 0 0 0 1 0 0 0 0 0
0.5075921908893709  0 0 0 1 0 0 0 0 0 0 0 0 0 0 0 0 1 0 0 0 0 0 0 2 0 0 0 0 0 0 0 0 0 0 0
0.512781954887218  0 0 0 5 0 0 0 0 1 0 0 0 0 0 0 1 3 0 4 0 0 0 0 2 0 0 0 0 0 0 0 0 0 0 0
0.5114503816793893  0 0 0 1 0 0 0 0 0 0 0 0 0 0 3 0 3 0 0 0 0 0 0 0 0 0 0 0 0 0 0 0 0 0 0
0.3987538940809969  0 0 0 1 0 0 0 0 0 0 0 0 0 0 2 0 4 0 0 0 0 0 0 0 0 1 0 0 0 0 0 0 0 0 0
0.5314516129032258  0 0 0 1 0 5 0 0 1 0 0 1 0 0 0 0 2 0 0 0 0 0 0 0 0 1 0 0 0 1 0 0 0 0 0
0.504210004952947  0 0 0 5 0 0 0 0 0 0 0 1 0 0 1 0 1 0 0 0 0 0 0 0 0 0 0 0 0 0 0 0 0 0 0
0.4966698382492864  0 0 0 0 0 0 0 0 0 0 0 0 0 0 0 0 2 0 0 0 0 0 0 1 0 0 0 0 0 0 0 0 0 0 0
0.5703324808184144  0 0 0 0 0 1 0 0 0 0 0 0 0 0 0 0 3 0 1 0 0 0 0 1 0 0 0 0 0 0 0 0 0 0 0
0.5031578947368421  0 0 0 1 0 0 0 0 0 0 0 0 0 0 0 0 3 0 0 0 0 0 0 0 0 0 0 0 0 0 0 0 0 0 0
0.48607796340493237  0 0 0 0 0 0 0 0 0 0 0 0 0 0 0 0 3 0 0 0 0 0 0 0 0 0 0 0 0 0 0 0 0 0 0
0.5151191746709356  0 1 0 0 0 6 0 0 0 0 0 1 0 0 3 0 1 0 0 0 0 0 0 0 0 0 0 0 0 0 0 0 0 0 0
0.5048648648648648  0 0 0 0 0 0 0 0 0 0 0 0 0 0 0 0 2 0 0 0 0 0 0 2 0 1 0 0 1 1 0 0 0 1 0
0.49222797927461137  0 0 0 2 0 0 0 0 1 0 0 3 0 0 0 0 1 0 0 0 0 0 0 0 0 0 0 0 0 0 0 0 0 0 0
